epoch,loss,train_sample_count,train_mean_gap,train_median_gap,train_min_gap,train_violation_rate,train_max_violation,train_p90_violation,train_p95_violation,train_p99_violation,train_coverage,validation_sample_count,validation_mean_gap,validation_median_gap,validation_min_gap,validation_violation_rate,validation_max_violation,validation_p90_violation,validation_p95_violation,validation_p99_violation,validation_coverage
1,0.10867990361106011,15657.0,-0.11577840894460678,-0.12299376726150513,-0.753951907157898,0.7255540652743182,0.7639518976211548,0.3733742833137512,0.42046821117401123,0.5042544007301331,0.2744459347256818,7432.0,-0.13123279809951782,-0.14127427339553833,-0.7162041664123535,0.7264531754574811,0.7262041568756104,0.41066551208496094,0.46004030108451843,0.539164662361145,0.27354682454251883
2,0.09883160576705009,15657.0,-0.10125216096639633,-0.10735642910003662,-0.7693425416946411,0.7203806604074855,0.779342532157898,0.3522540032863617,0.397832989692688,0.47414523363113403,0.2796193395925145,7432.0,-0.11957664042711258,-0.12904667854309082,-0.7551332116127014,0.7284714747039828,0.7651332020759583,0.3854197561740875,0.4394969642162323,0.5085036754608154,0.27152852529601723
3,0.09357459146168924,15657.0,-0.09508200734853745,-0.09759652614593506,-0.7521754503250122,0.7120776649421984,0.762175440788269,0.33957961201667786,0.39035913348197937,0.47740453481674194,0.2879223350578016,7432.0,-0.1053226962685585,-0.11535118520259857,-0.7632365822792053,0.7061356297093649,0.7732365727424622,0.3672175705432892,0.42136844992637634,0.503689169883728,0.2938643702906351
4,0.08931538486672987,15657.0,-0.08636371791362762,-0.08884406089782715,-0.81106036901474,0.7159098166954078,0.8210603594779968,0.31909653544425964,0.37258583307266235,0.46265995502471924,0.2840901833045922,7432.0,-0.11020419746637344,-0.12077447772026062,-0.8210318088531494,0.7259149623250807,0.8310317993164062,0.36825141310691833,0.4212542474269867,0.503258228302002,0.27408503767491926
5,0.0847086267125222,15657.0,-0.06563444435596466,-0.06998321413993835,-0.7253167629241943,0.69374720572268,0.7353167533874512,0.28244462609291077,0.33714234828948975,0.43796786665916443,0.30625279427732005,7432.0,-0.0809536874294281,-0.09852489829063416,-0.8426525592803955,0.691200215285253,0.8526525497436523,0.3217102885246277,0.3796761631965637,0.4750162363052368,0.30879978471474706
6,0.08126890418990966,15657.0,-0.07380332052707672,-0.08025777339935303,-0.8236804604530334,0.7268953183879415,0.8336804509162903,0.2759398818016052,0.3255807161331177,0.4247061014175415,0.27310468161205853,7432.0,-0.08525806665420532,-0.1032552570104599,-0.7798089385032654,0.7051937567276642,0.7898089289665222,0.3180280029773712,0.37086808681488037,0.4656623303890228,0.29480624327233584
7,0.07765409566702382,15657.0,-0.07383924722671509,-0.07647255063056946,-0.8173786401748657,0.7247237657277895,0.8273786306381226,0.27946266531944275,0.3370177149772644,0.4373573362827301,0.27527623427221054,7432.0,-0.08847673237323761,-0.1022082045674324,-0.8225863575935364,0.7085575888051668,0.8325863480567932,0.3280024528503418,0.3851761817932129,0.4887668192386627,0.29144241119483316
8,0.07662738979824128,15657.0,-0.07045315206050873,-0.07292190194129944,-0.8898800611495972,0.7348150986779076,0.899880051612854,0.2637285888195038,0.3174682557582855,0.4178220331668854,0.2651849013220924,7432.0,-0.08403827995061874,-0.10043193399906158,-0.8562609553337097,0.7073466092572659,0.8662609457969666,0.31793755292892456,0.3689068555831909,0.464613139629364,0.2926533907427341
9,0.07356782257556915,15657.0,-0.07130260020494461,-0.07385191321372986,-0.8682453632354736,0.7385833812352303,0.8782453536987305,0.2609389126300812,0.31139665842056274,0.41268718242645264,0.26141661876476974,7432.0,-0.07952923327684402,-0.09796678274869919,-0.8253238201141357,0.6977933261571583,0.8353238105773926,0.3105262517929077,0.36836275458335876,0.4682522118091583,0.3022066738428418
10,0.07065769669509703,15657.0,-0.06108645722270012,-0.06363904476165771,-0.8771584630012512,0.7309829469246982,0.8871584534645081,0.24106650054454803,0.29400959610939026,0.3975481688976288,0.26901705307530177,7432.0,-0.07516633719205856,-0.09516085684299469,-0.8060848712921143,0.6956404736275565,0.8160848617553711,0.3073537349700928,0.3632843494415283,0.4651324152946472,0.3043595263724435
11,0.0679192639166309,15657.0,-0.07207886874675751,-0.07156063616275787,-0.8376232981681824,0.7599795618573162,0.8476232886314392,0.2536505162715912,0.3063131272792816,0.4000163972377777,0.24002043814268378,7432.0,-0.08210484683513641,-0.09960439801216125,-0.8103028535842896,0.7080193756727664,0.8203028440475464,0.31474795937538147,0.36739790439605713,0.4755805432796478,0.2919806243272336
12,0.06558165098390271,15657.0,-0.06546995788812637,-0.06391459703445435,-0.9158974289894104,0.7453535159992336,0.9258974194526672,0.24052384495735168,0.2959931790828705,0.4045675992965698,0.25464648400076645,7432.0,-0.07390178740024567,-0.09172099828720093,-0.8572651743888855,0.6955059203444564,0.8672651648521423,0.3064373731613159,0.3618696928024292,0.46105411648750305,0.3044940796555436
13,0.06363549996768275,15657.0,-0.06486770510673523,-0.06221383810043335,-0.8481836915016174,0.7581912243724851,0.8581836819648743,0.23596087098121643,0.2916080951690674,0.40225639939308167,0.24180877562751485,7432.0,-0.07058760523796082,-0.09164579212665558,-0.6898287534713745,0.6972551130247578,0.6998287439346313,0.30087539553642273,0.35567376017570496,0.45070329308509827,0.3027448869752422
14,0.061373049573552226,15657.0,-0.06070132181048393,-0.05785316228866577,-0.870842695236206,0.7471418534840646,0.8808426856994629,0.22811074554920197,0.2780982553958893,0.3887951374053955,0.25285814651593536,7432.0,-0.0671037957072258,-0.08718641102313995,-0.7626864910125732,0.6782831001076426,0.7726864814758301,0.3026156425476074,0.3623761534690857,0.4681747853755951,0.32171689989235736
15,0.0593555717458648,15657.0,-0.06832651793956757,-0.06434676051139832,-0.8331156373023987,0.7692405952609057,0.8431156277656555,0.23062032461166382,0.2808968126773834,0.3877866268157959,0.23075940473909434,7432.0,-0.07258875668048859,-0.09111875295639038,-0.7783001661300659,0.6933530678148547,0.7883001565933228,0.3058760464191437,0.36292046308517456,0.4610869288444519,0.3066469321851453
16,0.05774372623812768,15657.0,-0.06758945435285568,-0.06229766085743904,-0.855918288230896,0.7817589576547231,0.8659182786941528,0.22564759850502014,0.28001317381858826,0.39386147260665894,0.2182410423452769,7432.0,-0.07690028846263885,-0.09631609171628952,-0.7791069746017456,0.6960441334768568,0.7891069650650024,0.3170046806335449,0.3764263987541199,0.48009082674980164,0.30395586652314316
17,0.05535694992830677,15657.0,-0.07395295053720474,-0.06647154688835144,-0.8772870898246765,0.8061569904834898,0.8872870802879333,0.22383418679237366,0.2802204191684723,0.387930691242218,0.19384300951651018,7432.0,-0.08136388659477234,-0.1003987193107605,-0.7824453711509705,0.701291711517761,0.7924453616142273,0.323093444108963,0.37914374470710754,0.49228253960609436,0.29870828848223896
18,0.05308722235983418,15657.0,-0.06769310683012009,-0.0626799464225769,-0.8703601956367493,0.8089033659066233,0.8803601861000061,0.20990628004074097,0.26478350162506104,0.37539079785346985,0.19109663409337677,7432.0,-0.0791502594947815,-0.09602981805801392,-0.806115984916687,0.7051937567276642,0.8161159753799438,0.32008659839630127,0.37810155749320984,0.4863184094429016,0.29480624327233584
19,0.05175608660905592,15657.0,-0.051418717950582504,-0.04611802101135254,-0.8636376857757568,0.755700325732899,0.8736376762390137,0.1907850205898285,0.2434043288230896,0.3562329411506653,0.24429967426710097,7432.0,-0.05269238352775574,-0.07138985395431519,-0.7810184955596924,0.6568891280947255,0.7910184860229492,0.29350772500038147,0.3619886040687561,0.4732753336429596,0.3431108719052745
20,0.05013002335063873,15657.0,-0.04826337471604347,-0.04351168870925903,-0.8364664912223816,0.7588937855272402,0.8464664816856384,0.18058358132839203,0.23050473630428314,0.34183087944984436,0.2411062144727598,7432.0,-0.05568855255842209,-0.07563352584838867,-0.8070650696754456,0.6669806243272336,0.8170650601387024,0.2942568063735962,0.3543339669704437,0.45978137850761414,0.3330193756727664
21,0.047551689969916495,15657.0,-0.05676669627428055,-0.050306469202041626,-0.8197597861289978,0.7850162866449512,0.8297597765922546,0.1898764818906784,0.24340970814228058,0.35721954703330994,0.21498371335504887,7432.0,-0.0659114420413971,-0.08324828743934631,-0.8005331158638,0.6770721205597416,0.8105331063270569,0.313183069229126,0.3750549256801605,0.49158409237861633,0.32292787944025836
22,0.046805717291370515,15657.0,-0.05286680907011032,-0.04678702354431152,-0.8746035695075989,0.7858465861914798,0.8846035599708557,0.1790563464164734,0.23027873039245605,0.34132543206214905,0.21415341380852015,7432.0,-0.06370531767606735,-0.080397829413414,-0.8560183644294739,0.67505382131324,0.8660183548927307,0.3098115921020508,0.36954084038734436,0.4896067976951599,0.32494617868675996
23,0.04570064104853138,15657.0,-0.04600541293621063,-0.03952854871749878,-0.7607103586196899,0.7565944944753146,0.7707103490829468,0.17163234949111938,0.22193977236747742,0.33997005224227905,0.24340550552468546,7432.0,-0.04955987259745598,-0.06644907593727112,-0.7266224026679993,0.6508342303552207,0.7366223931312561,0.29284048080444336,0.3549816310405731,0.45501694083213806,0.34916576964477936
24,0.04417532069548484,15657.0,-0.058387305587530136,-0.05132168531417847,-0.828345775604248,0.8193779140320623,0.8383457660675049,0.18188947439193726,0.22821855545043945,0.3384111523628235,0.18062208596793766,7432.0,-0.06597252935171127,-0.08459682762622833,-0.7654736638069153,0.6817814854682455,0.7754736542701721,0.30692416429519653,0.3655533790588379,0.4730401933193207,0.3182185145317546
25,0.0428003600287822,15657.0,-0.05797954648733139,-0.05034834146499634,-0.8375220894813538,0.8170147537842498,0.8475220799446106,0.17850792407989502,0.2296876758337021,0.3487887978553772,0.18298524621575013,7432.0,-0.06756461411714554,-0.0851941704750061,-0.7923010587692261,0.6796286329386437,0.8023010492324829,0.3135027587413788,0.38066208362579346,0.49948638677597046,0.32037136706135627
26,0.04184536287380803,15657.0,-0.047860365360975266,-0.041512489318847656,-0.8327070474624634,0.7952992271827297,0.8427070379257202,0.1617533564567566,0.20662520825862885,0.3104903995990753,0.20470077281727023,7432.0,-0.05861479043960571,-0.07603386044502258,-0.7317741513252258,0.6607911733046287,0.7417741417884827,0.30520907044410706,0.3722738027572632,0.49018776416778564,0.3392088266953714
27,0.04029328231849978,15657.0,-0.052376311272382736,-0.04613466560840607,-0.834585428237915,0.8150986779076451,0.8445854187011719,0.16526807844638824,0.2124461680650711,0.3224717378616333,0.18490132209235485,7432.0,-0.056048061698675156,-0.07307340204715729,-0.8239362239837646,0.6602529601722282,0.8339362144470215,0.30093884468078613,0.3622635006904602,0.47085022926330566,0.3397470398277718
28,0.03940946128099195,15657.0,-0.059162773191928864,-0.0524635910987854,-0.7827013731002808,0.8460113687168679,0.7927013635635376,0.16834822297096252,0.21177497506141663,0.32455429434776306,0.15398863128313214,7432.0,-0.06574217975139618,-0.08403488993644714,-0.7858160138130188,0.6773412271259419,0.7958160042762756,0.3107278048992157,0.37425071001052856,0.4892517030239105,0.32265877287405814
29,0.03818138760905112,15657.0,-0.04439755156636238,-0.037266671657562256,-0.8193233013153076,0.7971514338634477,0.8293232917785645,0.14927473664283752,0.19127331674098969,0.3037543296813965,0.20284856613655233,7432.0,-0.04915895685553551,-0.06689372658729553,-0.7645626068115234,0.6505651237890204,0.7745625972747803,0.2952514886856079,0.35752490162849426,0.4707966446876526,0.3494348762109796
30,0.03773848279829948,15657.0,-0.05378342047333717,-0.046127378940582275,-0.8391906023025513,0.8342594366736923,0.8491905927658081,0.15921121835708618,0.20109759271144867,0.31251290440559387,0.1657405633263077,7432.0,-0.05676550790667534,-0.07398320734500885,-0.7805066108703613,0.6621367061356297,0.7905066013336182,0.3039580285549164,0.3674266040325165,0.4741385877132416,0.3378632938643703
31,0.036447307996211514,15657.0,-0.03769388049840927,-0.032429665327072144,-0.7735319137573242,0.7779906750974005,0.783531904220581,0.13685208559036255,0.17718301713466644,0.2854105830192566,0.22200932490259948,7432.0,-0.041641030460596085,-0.05933603644371033,-0.7794293165206909,0.636302475780409,0.7894293069839478,0.28623825311660767,0.3507246971130371,0.46790626645088196,0.36369752421959095
32,0.03590258751665392,15657.0,-0.053876254707574844,-0.04715350270271301,-0.8103845119476318,0.8392412339528645,0.8203845024108887,0.15610739588737488,0.19690896570682526,0.3100094199180603,0.16075876604713546,7432.0,-0.059575583785772324,-0.07727465033531189,-0.7401756048202515,0.6652314316469322,0.7501755952835083,0.30837345123291016,0.374724805355072,0.48718249797821045,0.33476856835306784
33,0.035737689704664295,15657.0,-0.0612841434776783,-0.05250313878059387,-0.7399672865867615,0.8775627514849588,0.7499672770500183,0.16249725222587585,0.20439980924129486,0.3118816018104553,0.12243724851504119,7432.0,-0.06852443516254425,-0.0831696018576622,-0.7853419184684753,0.6770721205597416,0.7953419089317322,0.31991270184516907,0.38372892141342163,0.49357256293296814,0.32292787944025836
34,0.034737791145040144,15657.0,-0.04586752504110336,-0.04166557639837265,-0.7569617629051208,0.8278725170850099,0.7669617533683777,0.13879823684692383,0.17675656080245972,0.274933785200119,0.1721274829149901,7432.0,-0.050908591598272324,-0.06905274838209152,-0.7309242486953735,0.6519106566200216,0.7409242391586304,0.29860538244247437,0.36644476652145386,0.4709417521953583,0.3480893433799785
35,0.03354388523486353,15657.0,-0.037909798324108124,-0.03260320425033569,-0.7836488485336304,0.7953630963786166,0.7936488389968872,0.12906351685523987,0.1649254560470581,0.26429885625839233,0.2046369036213834,7432.0,-0.04582325741648674,-0.0651702731847763,-0.7283483147621155,0.6449138858988159,0.7383483052253723,0.28859537839889526,0.3529365360736847,0.46756958961486816,0.35508611410118407
36,0.03294347190568524,15657.0,-0.04601137712597847,-0.0399152934551239,-0.7980946898460388,0.8421792169636584,0.8080946803092957,0.1357446014881134,0.17368283867835999,0.26879775524139404,0.15782078303634156,7432.0,-0.05153072625398636,-0.06954104453325272,-0.779800295829773,0.6559472551130248,0.7898002862930298,0.29939186573028564,0.36161795258522034,0.4676794111728668,0.34405274488697524
37,0.03264588922742875,15657.0,-0.042479973286390305,-0.037398844957351685,-0.7535697221755981,0.8241042345276873,0.763569712638855,0.1324872523546219,0.16843287646770477,0.26018187403678894,0.1758957654723127,7432.0,-0.046747107058763504,-0.06350072473287582,-0.8117315173149109,0.6434337997847147,0.8217315077781677,0.2953673303127289,0.3586852252483368,0.47097232937812805,0.35656620021528523
38,0.031826006789361275,15657.0,-0.041739992797374725,-0.03561168909072876,-0.6328340768814087,0.8189946988567414,0.6428340673446655,0.13036729395389557,0.1681201159954071,0.2615129053592682,0.1810053011432586,7432.0,-0.04701877757906914,-0.06270480155944824,-0.7660094499588013,0.645048439181916,0.7760094404220581,0.29473915696144104,0.36031243205070496,0.4704267978668213,0.354951560818084
39,0.030910698877226923,15657.0,-0.04878416657447815,-0.042607396841049194,-0.7481183409690857,0.8564220476464202,0.7581183314323425,0.13692742586135864,0.1723734587430954,0.26354116201400757,0.14357795235357987,7432.0,-0.051338035613298416,-0.06736250221729279,-0.6935951113700867,0.6506996770721205,0.7035951018333435,0.30297142267227173,0.36760538816452026,0.47266680002212524,0.34930032292787944
40,0.030765160077041196,15657.0,-0.04291730746626854,-0.03699898719787598,-0.7327629327774048,0.8368142045091652,0.7427629232406616,0.12946906685829163,0.16490572690963745,0.2576743960380554,0.16318579549083478,7432.0,-0.049513235688209534,-0.06513418257236481,-0.7406826615333557,0.645048439181916,0.7506826519966125,0.29506227374076843,0.3553025424480438,0.47969532012939453,0.354951560818084
41,0.030160028847955888,15657.0,-0.038924723863601685,-0.03317476063966751,-0.769700825214386,0.8268506099508207,0.7797008156776428,0.12171205133199692,0.15410491824150085,0.24503739178180695,0.17314939004917929,7432.0,-0.041394952684640884,-0.060581520199775696,-0.7105308771133423,0.6357642626480086,0.7205308675765991,0.28734540939331055,0.3508642315864563,0.47133392095565796,0.3642357373519914
42,0.029393917370227077,15657.0,-0.043520666658878326,-0.03761516511440277,-0.6919735074043274,0.8475442294181517,0.7019734978675842,0.12836486101150513,0.16136711835861206,0.2512419521808624,0.15245577058184837,7432.0,-0.04116203635931015,-0.05904114246368408,-0.6783872246742249,0.6380516684607105,0.6883872151374817,0.28480011224746704,0.34616798162460327,0.4668842554092407,0.36194833153928957
43,0.028892666822479617,15657.0,-0.03639088571071625,-0.03148268163204193,-0.7299436330795288,0.818739222073194,0.7399436235427856,0.11541053652763367,0.14868146181106567,0.23715439438819885,0.1812607779268059,7432.0,-0.04355806112289429,-0.059774249792099,-0.7129232287406921,0.6384553283100107,0.722923219203949,0.29015281796455383,0.35284724831581116,0.4704516530036926,0.3615446716899892
44,0.028881602770378514,15657.0,-0.03968197852373123,-0.03471732139587402,-0.7503959536552429,0.84958804368653,0.7603959441184998,0.11717423051595688,0.14779967069625854,0.24032041430473328,0.15041195631347,7432.0,-0.04285762831568718,-0.061191245913505554,-0.7440072298049927,0.6377825618945102,0.7540072202682495,0.287530779838562,0.35066530108451843,0.4639454483985901,0.3622174381054898
45,0.02782210984056996,15657.0,-0.03834239020943642,-0.033353403210639954,-0.6784787178039551,0.8511209043878137,0.6884787082672119,0.11407327651977539,0.1439867913722992,0.22824525833129883,0.14887909561218624,7432.0,-0.04338707774877548,-0.058992281556129456,-0.7249774932861328,0.6365715823466093,0.7349774837493896,0.2891427278518677,0.35300835967063904,0.4769474267959595,0.36342841765339073
46,0.027062328472252813,15657.0,-0.037601031363010406,-0.03317251801490784,-0.6984534859657288,0.8548253177492495,0.7084534764289856,0.11045310646295547,0.13878004252910614,0.22480976581573486,0.14517468225075048,7432.0,-0.0479501448571682,-0.06387829780578613,-0.6833354830741882,0.6508342303552207,0.6933354735374451,0.29259932041168213,0.35965338349342346,0.4799051880836487,0.34916576964477936
47,0.026765575692538294,15657.0,-0.033602360635995865,-0.028895705938339233,-0.6406017541885376,0.8282557322603309,0.6506017446517944,0.10929255932569504,0.1379016488790512,0.21590280532836914,0.17174426773966917,7432.0,-0.03618433699011803,-0.053616613149642944,-0.7420467138290405,0.6272874058127018,0.7520467042922974,0.2835211455821991,0.34521913528442383,0.4694141447544098,0.3727125941872982
48,0.027051264840749004,15657.0,-0.03638961538672447,-0.03108730912208557,-0.6702901124954224,0.8451171999744523,0.6802901029586792,0.10984800010919571,0.13883107900619507,0.22830624878406525,0.1548828000255477,7432.0,-0.039361342787742615,-0.054333969950675964,-0.6657894253730774,0.6329386437029063,0.6757894158363342,0.28323206305503845,0.3520120680332184,0.4647667109966278,0.36706135629709363
49,0.026814148791374698,15657.0,-0.04505792632699013,-0.040223121643066406,-0.7006849646568298,0.8819058568052628,0.7106849551200867,0.12025834619998932,0.1472603976726532,0.227958545088768,0.11809414319473718,7432.0,-0.05472264811396599,-0.06955346465110779,-0.7105498313903809,0.6582346609257266,0.7205498218536377,0.3010007441043854,0.3635065257549286,0.4889041781425476,0.3417653390742734
50,0.0257870843934436,15657.0,-0.04244571924209595,-0.037116050720214844,-0.6949816942214966,0.8764769751548828,0.7049816846847534,0.1167425736784935,0.14498229324817657,0.22852711379528046,0.1235230248451172,7432.0,-0.04567096754908562,-0.05987817049026489,-0.704072892665863,0.642491926803014,0.7140728831291199,0.29474955797195435,0.3565400540828705,0.47112777829170227,0.357508073196986
51,0.02509269118309021,15657.0,-0.045785050839185715,-0.04098209738731384,-0.6344311237335205,0.8942964808073066,0.6444311141967773,0.1188298761844635,0.14545659720897675,0.22541148960590363,0.10570351919269336,7432.0,-0.0474855899810791,-0.06352353096008301,-0.6987069845199585,0.6489504843918191,0.7087069749832153,0.29550108313560486,0.35786935687065125,0.4741630554199219,0.3510495156081808
52,0.02531479244991656,15657.0,-0.03245679289102554,-0.029147237539291382,-0.6610107421875,0.8323433607970876,0.6710107326507568,0.10289863497018814,0.127860888838768,0.19966936111450195,0.16765663920291243,7432.0,-0.03288605809211731,-0.04987053573131561,-0.6944382786750793,0.6197524219590959,0.7044382691383362,0.2790391743183136,0.3374813497066498,0.45404237508773804,0.3802475780409042
53,0.02522254885444718,15657.0,-0.03652605414390564,-0.03133540228009224,-0.705571174621582,0.8575078239764962,0.7155711650848389,0.10659801214933395,0.13402611017227173,0.2149796336889267,0.14249217602350386,7432.0,-0.03822126239538193,-0.05272357165813446,-0.740373432636261,0.6274219590958019,0.7503734230995178,0.2854820191860199,0.34656867384910583,0.4721345007419586,0.37257804090419805
54,0.024642878242077365,15657.0,-0.03985995426774025,-0.03463999554514885,-0.6078949570655823,0.8746886376700518,0.6178949475288391,0.11222691833972931,0.13983216881752014,0.21531790494918823,0.12531136232994827,7432.0,-0.04537031054496765,-0.05848376452922821,-0.7101435661315918,0.6414155005382132,0.7201435565948486,0.2943320870399475,0.3588521182537079,0.4862150549888611,0.3585844994617869
55,0.024456383179753058,15657.0,-0.0365351065993309,-0.03308483958244324,-0.6364359855651855,0.86989844797854,0.6464359760284424,0.10393477976322174,0.12920436263084412,0.2010120302438736,0.13010155202146004,7432.0,-0.03806878998875618,-0.05526887625455856,-0.6626244783401489,0.6326695371367062,0.6726244688034058,0.2796681225299835,0.34100744128227234,0.4626027047634125,0.36733046286329385
56,0.024171953239748554,15657.0,-0.03835093230009079,-0.03343403339385986,-0.6154181361198425,0.878967873794469,0.6254181265830994,0.10603461414575577,0.1331009715795517,0.20360130071640015,0.12103212620553107,7432.0,-0.047165319323539734,-0.06023500859737396,-0.6920069456100464,0.6428955866523143,0.7020069360733032,0.2934424877166748,0.35772740840911865,0.48249509930610657,0.35710441334768567
57,0.023430349966210705,15657.0,-0.04184579849243164,-0.03674062341451645,-0.6132520437240601,0.8926997509101361,0.6232520341873169,0.11154409497976303,0.13587117195129395,0.2107594907283783,0.10730024908986396,7432.0,-0.046442750841379166,-0.06103089451789856,-0.6979772448539734,0.6427610333692142,0.7079772353172302,0.29306933283805847,0.35580381751060486,0.4798409044742584,0.3572389666307858
58,0.023617248741849776,15657.0,-0.047355882823467255,-0.041525229811668396,-0.6638431549072266,0.9129462860062592,0.6738431453704834,0.11747018992900848,0.14476905763149261,0.22098281979560852,0.08705371399374082,7432.0,-0.05510401725769043,-0.06883227825164795,-0.7310430407524109,0.6552744886975242,0.7410430312156677,0.3046272099018097,0.3716484010219574,0.4994277358055115,0.3447255113024758
59,0.023494845316294703,15657.0,-0.04231264814734459,-0.03813132643699646,-0.6199463605880737,0.9034936450150093,0.6299463510513306,0.10878300666809082,0.13537384569644928,0.20408906042575836,0.09650635498499074,7432.0,-0.045966241508722305,-0.06232532858848572,-0.7418888807296753,0.6443756727664155,0.7518888711929321,0.28764021396636963,0.35425087809562683,0.47752368450164795,0.3556243272335845
60,0.023032563287884958,15657.0,-0.04310181736946106,-0.039399027824401855,-0.6303313970565796,0.8992144088905921,0.6403313875198364,0.11042658984661102,0.13519957661628723,0.20265522599220276,0.10078559110940793,7432.0,-0.05026530101895332,-0.0657539963722229,-0.7416868209838867,0.6497578040904198,0.7516868114471436,0.29602694511413574,0.3584330677986145,0.4735039174556732,0.35024219590958017
61,0.022910413963179433,15657.0,-0.03379867225885391,-0.02983725070953369,-0.5928307175636292,0.8706648783291818,0.602830708026886,0.09777016192674637,0.12033912539482117,0.19045990705490112,0.12933512167081818,7432.0,-0.03475728631019592,-0.052253276109695435,-0.686255931854248,0.6259418729817008,0.6962559223175049,0.2775996923446655,0.3427926003932953,0.4623465836048126,0.37405812701829927
62,0.022764055358786738,15657.0,-0.0347493477165699,-0.030550867319107056,-0.6144737005233765,0.877115667113751,0.6244736909866333,0.09869815409183502,0.1216619685292244,0.18570171296596527,0.12288433288624896,7432.0,-0.03677165135741234,-0.05242076516151428,-0.7024595737457275,0.6301130247578041,0.7124595642089844,0.2792031466960907,0.3419792056083679,0.46076470613479614,0.36988697524219594
63,0.022361068475630977,15657.0,-0.03290901705622673,-0.028649836778640747,-0.6912574172019958,0.8654914734623491,0.7012574076652527,0.09687821567058563,0.11953817307949066,0.18861792981624603,0.13450852653765089,7432.0,-0.03365115821361542,-0.0516970232129097,-0.7060130834579468,0.6235199138858988,0.7160130739212036,0.2744594216346741,0.33550140261650085,0.44654780626296997,0.37648008611410116
64,0.022276164543244145,15657.0,-0.0417502298951149,-0.03850053250789642,-0.6737422943115234,0.9109663409337676,0.6837422847747803,0.10476858168840408,0.12860345840454102,0.19539640843868256,0.08903365906623235,7432.0,-0.048169802874326706,-0.06284227222204208,-0.6970818042755127,0.6485468245425189,0.7070817947387695,0.29019659757614136,0.35545703768730164,0.4785832166671753,0.35145317545748117
65,0.021952121007827022,15657.0,-0.038800038397312164,-0.03400425612926483,-0.6898288726806641,0.8985757169317238,0.6998288631439209,0.10177770256996155,0.12449177354574203,0.18951435387134552,0.10142428306827617,7432.0,-0.04360432177782059,-0.0604073703289032,-0.70832759141922,0.6383207750269106,0.7183275818824768,0.286757230758667,0.3522564768791199,0.46903175115585327,0.36167922497308935
66,0.02166331739675614,15657.0,-0.03266128897666931,-0.028916537761688232,-0.5736900568008423,0.8516318579549084,0.5836900472640991,0.09843939542770386,0.12290086597204208,0.18593145906925201,0.14836814204509166,7432.0,-0.03609186038374901,-0.05395755171775818,-0.7017518877983093,0.623654467168999,0.7117518782615662,0.27676036953926086,0.34320780634880066,0.4600147306919098,0.3763455328310011
67,0.021981336717163364,15657.0,-0.034958451986312866,-0.03159047290682793,-0.6046212911605835,0.8891869451363608,0.6146212816238403,0.09542512148618698,0.11650778353214264,0.18258243799209595,0.11081305486363927,7432.0,-0.039800699800252914,-0.056720659136772156,-0.6937981843948364,0.6369752421959096,0.7037981748580933,0.28071799874305725,0.3450860381126404,0.46461960673332214,0.36302475780409044
68,0.021054037876667514,15657.0,-0.03875713422894478,-0.03472495079040527,-0.6189554333686829,0.9089225266653893,0.6289554238319397,0.1005178689956665,0.12137577682733536,0.1837165653705597,0.09107747333461072,7432.0,-0.041656747460365295,-0.05999613553285599,-0.7176727056503296,0.6371097954790097,0.7276726961135864,0.28379106521606445,0.346262663602829,0.46929240226745605,0.3628902045209903
69,0.021149264047703436,15657.0,-0.03301243111491203,-0.029973864555358887,-0.5877910852432251,0.8891869451363608,0.5977910757064819,0.09071304649114609,0.10977701842784882,0.17195847630500793,0.11081305486363927,7432.0,-0.037413373589515686,-0.054335519671440125,-0.7229188680648804,0.6289020452099031,0.7329188585281372,0.27666810154914856,0.33909130096435547,0.46708157658576965,0.3710979547900969
70,0.02086256360334735,15657.0,-0.03372720256447792,-0.030615121126174927,-0.590595006942749,0.8852909241872645,0.6005949974060059,0.09365126490592957,0.11311059445142746,0.17178396880626678,0.11470907581273551,7432.0,-0.041010115295648575,-0.05958954989910126,-0.7470623254776001,0.63751345532831,0.7570623159408569,0.28360578417778015,0.3397517204284668,0.45736193656921387,0.36248654467169
71,0.020647854874691656,15657.0,-0.02850872278213501,-0.02577391266822815,-0.5929136276245117,0.8629367056268762,0.6029136180877686,0.08617155253887177,0.1058206632733345,0.16487184166908264,0.13706329437312384,7432.0,-0.028845254331827164,-0.04595585912466049,-0.7328161001205444,0.614908503767492,0.7428160905838013,0.2720395624637604,0.32993030548095703,0.4529396891593933,0.38509149623250805
72,0.020764959375223806,15657.0,-0.03449602425098419,-0.030525803565979004,-0.5756519436836243,0.8987673245193843,0.5856519341468811,0.09382206201553345,0.11456887423992157,0.17201538383960724,0.1012326754806157,7432.0,-0.03792884200811386,-0.055023446679115295,-0.70705246925354,0.629978471474704,0.7170524597167969,0.2773083448410034,0.34901201725006104,0.4705483913421631,0.370021528525296
73,0.020270623086440946,15657.0,-0.03127072751522064,-0.027898728847503662,-0.6090521812438965,0.8828000255476783,0.6190521717071533,0.08870743960142136,0.10808153450489044,0.16720107197761536,0.11719997445232165,7432.0,-0.032770272344350815,-0.05068822205066681,-0.673980712890625,0.6196178686759957,0.6839807033538818,0.27460119128227234,0.3356705904006958,0.45412012934684753,0.3803821313240043
74,0.02042161901631663,15657.0,-0.037756673991680145,-0.03371235728263855,-0.6285046339035034,0.8999169700453471,0.6385046243667603,0.10002356767654419,0.12261740118265152,0.17854027450084686,0.10008302995465287,7432.0,-0.04205622524023056,-0.05857972800731659,-0.6964350938796997,0.6384553283100107,0.7064350843429565,0.2867111265659332,0.35397574305534363,0.46742895245552063,0.3615446716899892
75,0.020308558678915425,15657.0,-0.02515079826116562,-0.022894203662872314,-0.5735917687416077,0.8417960017883375,0.5835917592048645,0.0833466500043869,0.10235297679901123,0.16022682189941406,0.1582039982116625,7432.0,-0.026193294674158096,-0.044110625982284546,-0.7151956558227539,0.6097954790096879,0.7251956462860107,0.2690161466598511,0.3308218717575073,0.4420686662197113,0.39020452099031216
76,0.019907380243943583,15657.0,-0.037056729197502136,-0.03363168239593506,-0.5731788873672485,0.9142236699239956,0.5831788778305054,0.09397745132446289,0.11508239060640335,0.17166690528392792,0.08577633007600434,7432.0,-0.0425168052315712,-0.05868831276893616,-0.7352390885353088,0.6391280947255114,0.7452390789985657,0.28328266739845276,0.350995808839798,0.4598533511161804,0.3608719052744887
77,0.01969063456260389,15657.0,-0.034645285457372665,-0.03151911497116089,-0.586862325668335,0.9020246535096124,0.5968623161315918,0.09168727695941925,0.1122230812907219,0.16984638571739197,0.09797534649038768,7432.0,-0.037729907780885696,-0.05520220100879669,-0.7249733209609985,0.6293057050592035,0.7349733114242554,0.2780488431453705,0.3443645238876343,0.4629206955432892,0.37069429494079653
78,0.01981346819910311,15657.0,-0.034413017332553864,-0.03027397394180298,-0.691771924495697,0.8907836750335313,0.7017719149589539,0.09551538527011871,0.11550670862197876,0.17445334792137146,0.10921632496646867,7432.0,-0.035471074283123016,-0.05429190397262573,-0.7739025950431824,0.6302475780409041,0.7839025855064392,0.2752203345298767,0.33980441093444824,0.46028828620910645,0.3697524219590958
79,0.019665599530262333,15657.0,-0.028969116508960724,-0.025879468768835068,-0.6390162706375122,0.8773072747014115,0.649016261100769,0.0847301185131073,0.10374794155359268,0.1647147834300995,0.12269272529858849,7432.0,-0.027641309425234795,-0.04521311819553375,-0.7227678298950195,0.6111410118406889,0.7327678203582764,0.26874440908432007,0.3286184072494507,0.44583648443222046,0.3888589881593111
80,0.019551391322766582,15657.0,-0.031350571662187576,-0.027905315160751343,-0.6697156429290771,0.8845883630325094,0.679715633392334,0.08970377594232559,0.10898318886756897,0.165582537651062,0.11541163696749059,7432.0,-0.03650485724210739,-0.053823381662368774,-0.6856314539909363,0.6275565123789021,0.6956314444541931,0.27824851870536804,0.3426903188228607,0.4641944468021393,0.37244348762109797
81,0.019216274361937277,15657.0,-0.029080649837851524,-0.026633024215698242,-0.5733815431594849,0.8824168103723574,0.5833815336227417,0.08361994475126266,0.10190897434949875,0.1585921198129654,0.11758318962764258,7432.0,-0.030928468331694603,-0.047707267105579376,-0.6804746389389038,0.618675995694295,0.6904746294021606,0.27097755670547485,0.33335623145103455,0.44877463579177856,0.38132400430570507
82,0.019089933364622055,15657.0,-0.03331930190324783,-0.02997860312461853,-0.5660295486450195,0.8969789870345533,0.5760295391082764,0.09001389145851135,0.1102103590965271,0.16151975095272064,0.10302101296544676,7432.0,-0.03533004969358444,-0.05268087238073349,-0.6856481432914734,0.626210979547901,0.6956481337547302,0.277309775352478,0.3388742208480835,0.45928335189819336,0.37378902045209905
83,0.019248989681082386,15657.0,-0.036299560219049454,-0.03252345323562622,-0.5971534252166748,0.9202912435332439,0.6071534156799316,0.0920712873339653,0.11293969303369522,0.1676945835351944,0.07970875646675608,7432.0,-0.037234172224998474,-0.05456843972206116,-0.7911359071731567,0.6259418729817008,0.8011358976364136,0.2797785699367523,0.3398318588733673,0.46956270933151245,0.37405812701829927
84,0.018948669935907086,15657.0,-0.03325183689594269,-0.029426410794258118,-0.6246457099914551,0.9103276489748994,0.6346457004547119,0.08892065286636353,0.10931938141584396,0.16376015543937683,0.0896723510251006,7432.0,-0.03916634991765022,-0.057533107697963715,-0.7030019164085388,0.6319967707212056,0.7130019068717957,0.28068411350250244,0.34537240862846375,0.4642217457294464,0.3680032292787944
85,0.018640752641424056,15657.0,-0.03793376311659813,-0.03343099355697632,-0.6194140315055847,0.929680015328607,0.6294140219688416,0.09454581886529922,0.1162201315164566,0.17341889441013336,0.07031998467139298,7432.0,-0.04517894238233566,-0.062489502131938934,-0.7016358375549316,0.6376480086114101,0.7116358280181885,0.288036584854126,0.3521534502506256,0.47644999623298645,0.36235199138858987
86,0.018501358467244333,15657.0,-0.03514113649725914,-0.03142382949590683,-0.5815179347991943,0.9211854122756594,0.5915179252624512,0.09066563844680786,0.10918209701776505,0.160530686378479,0.07881458772434055,7432.0,-0.040499866008758545,-0.059054501354694366,-0.7596803903579712,0.634956942949408,0.769680380821228,0.2825450897216797,0.34382081031799316,0.45741137862205505,0.36504305705059203
87,0.018213929788720225,15657.0,-0.033223897218704224,-0.030088156461715698,-0.5809704065322876,0.9127546784185987,0.5909703969955444,0.08586698770523071,0.10465897619724274,0.15775708854198456,0.08724532158140129,7432.0,-0.03524194285273552,-0.05272527039051056,-0.7408303022384644,0.625,0.7508302927017212,0.275854229927063,0.3398851752281189,0.45416995882987976,0.375
88,0.018323116665405613,15657.0,-0.028495265170931816,-0.02548155188560486,-0.5565239191055298,0.8943603500031935,0.5665239095687866,0.08099586516618729,0.09853935241699219,0.15373806655406952,0.10563964999680654,7432.0,-0.030177265405654907,-0.04769642651081085,-0.7925644516944885,0.6119483315392895,0.8025644421577454,0.2709260582923889,0.33058804273605347,0.4500828683376312,0.38805166846071043
89,0.01810357142840662,15657.0,-0.03321855142712593,-0.029687047004699707,-0.5991466045379639,0.9139681931404484,0.6091465950012207,0.08787687122821808,0.10712093859910965,0.1556985229253769,0.08603180685955164,7432.0,-0.032868240028619766,-0.05344250053167343,-0.7438527941703796,0.6221743810548978,0.7538527846336365,0.27122414112091064,0.33406293392181396,0.4358477294445038,0.37782561894510225
90,0.017739885696961034,15657.0,-0.028127942234277725,-0.025500118732452393,-0.5648837685585022,0.8828000255476783,0.574883759021759,0.08128528296947479,0.09918616712093353,0.150976300239563,0.11719997445232165,7432.0,-0.031017431989312172,-0.04888105392456055,-0.7221901416778564,0.6110064585575888,0.7321901321411133,0.2727932035923004,0.33459770679473877,0.45535382628440857,0.3889935414424112
91,0.01789178248615034,15657.0,-0.03474976867437363,-0.03195822983980179,-0.6050723195075989,0.9135849779651274,0.6150723099708557,0.08902569115161896,0.10791856050491333,0.15379928052425385,0.08641502203487259,7432.0,-0.03865565359592438,-0.05625633895397186,-0.7176425457000732,0.6266146393972013,0.7276425361633301,0.2813319265842438,0.3454585671424866,0.4556969702243805,0.3733853606027987
92,0.017794504281013243,15657.0,-0.03497592359781265,-0.031241875141859055,-0.6075850129127502,0.925336910008303,0.6175850033760071,0.08901621401309967,0.10801564902067184,0.15526928007602692,0.074663089991697,7432.0,-0.03920258209109306,-0.05768541991710663,-0.7968005537986755,0.6319967707212056,0.8068005442619324,0.28004738688468933,0.348235547542572,0.45950257778167725,0.3680032292787944
93,0.017697923846783176,15657.0,-0.038021959364414215,-0.035066455602645874,-0.55502849817276,0.9391965255157437,0.5650284886360168,0.091044582426548,0.10801469534635544,0.1567826271057129,0.06080347448425624,7432.0,-0.04408174008131027,-0.06446754932403564,-0.7729271054267883,0.6430301399354145,0.7829270958900452,0.2836112976074219,0.3437816798686981,0.45057180523872375,0.3569698600645856
94,0.017740924211759723,15657.0,-0.02614031359553337,-0.023616015911102295,-0.5888160467147827,0.8878456920227374,0.5988160371780396,0.07708732783794403,0.09463624656200409,0.14229126274585724,0.11215430797726257,7432.0,-0.027003567665815353,-0.04533429443836212,-0.7444624900817871,0.6091227125941873,0.754462480545044,0.26635751128196716,0.32773998379707336,0.45053496956825256,0.3908772874058127
95,0.017788453568373958,15657.0,-0.03395878151059151,-0.0303909033536911,-0.5873262882232666,0.9293606693491729,0.5973262786865234,0.08638297021389008,0.10474848747253418,0.15663233399391174,0.0706393306508271,7432.0,-0.03496035933494568,-0.05353650450706482,-0.6930923461914062,0.620021528525296,0.7030923366546631,0.2788785398006439,0.33695271611213684,0.45718878507614136,0.379978471474704
96,0.017550859480134903,15657.0,-0.03245525062084198,-0.02939501404762268,-0.5962451100349426,0.9124992016350514,0.6062451004981995,0.08541696518659592,0.10361094772815704,0.1497490257024765,0.08750079836494859,7432.0,-0.029096810147166252,-0.04959806799888611,-0.8135643005371094,0.614908503767492,0.8235642910003662,0.2682211101055145,0.3255728483200073,0.4447158873081207,0.38509149623250805
97,0.01723749190568924,15657.0,-0.03371724486351013,-0.030694544315338135,-0.5784599184989929,0.9232930957399247,0.5884599089622498,0.08612488955259323,0.10278502851724625,0.15078479051589966,0.07670690426007537,7432.0,-0.03825179114937782,-0.05664564669132233,-0.7723140716552734,0.6274219590958019,0.7823140621185303,0.28072577714920044,0.3434527814388275,0.4582937955856323,0.37257804090419805
98,0.01698248635136312,15657.0,-0.03448072075843811,-0.031411945819854736,-0.593900203704834,0.9307019224627961,0.6039001941680908,0.08587036281824112,0.10289723426103592,0.14662733674049377,0.06929807753720381,7432.0,-0.03425249084830284,-0.051160573959350586,-0.7346372604370117,0.6241926803013994,0.7446372509002686,0.27441462874412537,0.33411407470703125,0.4516400396823883,0.37580731969860065
99,0.01704917733948077,15657.0,-0.029597176238894463,-0.026893168687820435,-0.5354870557785034,0.9114772945008622,0.5454870462417603,0.0806005448102951,0.09668996185064316,0.14457014203071594,0.08852270549913777,7432.0,-0.03409075736999512,-0.05436563491821289,-0.7610332369804382,0.6217707212055974,0.7710332274436951,0.27219292521476746,0.3316729664802551,0.448591411113739,0.3782292787944026
100,0.017077795680492155,15657.0,-0.03034062497317791,-0.026906266808509827,-0.5841273665428162,0.9158842690170531,0.594127357006073,0.08170861005783081,0.09898101538419724,0.14712658524513245,0.08411573098294692,7432.0,-0.03237566351890564,-0.05263411998748779,-0.7236948013305664,0.6196178686759957,0.7336947917938232,0.2726091742515564,0.3353961110115051,0.45061159133911133,0.3803821313240043
101,0.016894048500445583,15657.0,-0.030080744996666908,-0.027400001883506775,-0.6262709498405457,0.9146707542952034,0.6362709403038025,0.08126062899827957,0.09744113683700562,0.14123749732971191,0.08532924570479658,7432.0,-0.029932983219623566,-0.05018457770347595,-0.7247219681739807,0.6151776103336921,0.7347219586372375,0.2705049514770508,0.3245479464530945,0.43840962648391724,0.3848223896663079
102,0.017041319981217384,15657.0,-0.03145383298397064,-0.028393417596817017,-0.5528925061225891,0.9161397458006004,0.562892496585846,0.0831267237663269,0.10061172395944595,0.14814965426921844,0.08386025419939963,7432.0,-0.0341157503426075,-0.05242852866649628,-0.811314582824707,0.6208288482238966,0.8213145732879639,0.27366265654563904,0.3343554139137268,0.45855429768562317,0.37917115177610333
103,0.016692888051752123,15657.0,-0.03413577005267143,-0.031549662351608276,-0.587899923324585,0.9281471546273232,0.5978999137878418,0.08591610193252563,0.10179382562637329,0.1448545753955841,0.07185284537267676,7432.0,-0.03536200150847435,-0.05395963788032532,-0.7030785083770752,0.626210979547901,0.713078498840332,0.2760844826698303,0.3359588384628296,0.45309922099113464,0.37378902045209905
104,0.016663649570076697,15657.0,-0.03376428037881851,-0.030704259872436523,-0.5887486934661865,0.936961103659705,0.5987486839294434,0.08290781825780869,0.10019424557685852,0.1451375037431717,0.06303889634029508,7432.0,-0.03646219149231911,-0.05452090501785278,-0.7023247480392456,0.626345532831001,0.7123247385025024,0.2729869484901428,0.3335002362728119,0.4574640393257141,0.3736544671689989
105,0.016594901801117005,15657.0,-0.02809109166264534,-0.02548965811729431,-0.594599723815918,0.9082838347065211,0.6045997142791748,0.07730408012866974,0.09303852170705795,0.1355820894241333,0.09171616529347895,7432.0,-0.02835617959499359,-0.04744962602853775,-0.794823169708252,0.6115446716899893,0.8048231601715088,0.2674424350261688,0.3239821195602417,0.44093796610832214,0.3884553283100108
106,0.016604832103175503,15657.0,-0.03162989020347595,-0.028733134269714355,-0.5707306265830994,0.9196525515743756,0.5807306170463562,0.08187427371740341,0.0991775244474411,0.14723609387874603,0.08034744842562432,7432.0,-0.03486074134707451,-0.05312402546405792,-0.821597158908844,0.6256727664155005,0.8315971493721008,0.27405214309692383,0.33469632267951965,0.45905670523643494,0.3743272335844995
107,0.01622862428907425,15657.0,-0.03518791124224663,-0.032202959060668945,-0.5684738159179688,0.9398990866704988,0.5784738063812256,0.08565472811460495,0.10300015658140182,0.14712858200073242,0.06010091332950118,7432.0,-0.03763158991932869,-0.058965831995010376,-0.742781937122345,0.6301130247578041,0.7527819275856018,0.2766728103160858,0.3348012864589691,0.46427151560783386,0.36988697524219594
108,0.01598741552762447,15657.0,-0.02865777537226677,-0.02571171522140503,-0.5631632804870605,0.9086031806859551,0.5731632709503174,0.07860785722732544,0.09585963189601898,0.1404528170824051,0.09139681931404484,7432.0,-0.028102733194828033,-0.04908256605267525,-0.7096849679946899,0.615043057050592,0.7196849584579468,0.26607340574264526,0.3279750347137451,0.4366200566291809,0.38495694294940797
109,0.01621910947705469,15657.0,-0.03263472393155098,-0.03015071526169777,-0.5835099220275879,0.9277000702561154,0.5935099124908447,0.08269934356212616,0.09818488359451294,0.14431731402873993,0.07229992974388452,7432.0,-0.03372567519545555,-0.05515789985656738,-0.6996293067932129,0.6260764262648009,0.7096292972564697,0.2683601379394531,0.3316763639450073,0.4468947947025299,0.37392357373519913
110,0.016416617759293126,15657.0,-0.03213420882821083,-0.02850627899169922,-0.5814257860183716,0.9277000702561154,0.5914257764816284,0.08267329633235931,0.10180604457855225,0.1534106731414795,0.07229992974388452,7432.0,-0.03113757073879242,-0.05145585536956787,-0.7571042776107788,0.6163885898815931,0.7671042680740356,0.26612770557403564,0.3334183394908905,0.44886600971221924,0.3836114101184069
111,0.01599943187207945,15657.0,-0.03131252899765968,-0.029352575540542603,-0.57868492603302,0.9230376189563774,0.5886849164962769,0.08047311007976532,0.0962708443403244,0.1335289478302002,0.07696238104362266,7432.0,-0.03403903543949127,-0.05388525128364563,-0.6839969158172607,0.625,0.6939969062805176,0.2698042392730713,0.3316280245780945,0.44630730152130127,0.375
112,0.015854981938196767,15657.0,-0.03124537505209446,-0.02817988395690918,-0.5437859296798706,0.9248898256370952,0.5537859201431274,0.08157235383987427,0.09816887974739075,0.1432025134563446,0.07511017436290478,7432.0,-0.03411899134516716,-0.05101478099822998,-0.7507650852203369,0.621232508073197,0.7607650756835938,0.27241024374961853,0.3362649977207184,0.46384111046791077,0.37876749192680303
113,0.01590466042680125,15657.0,-0.027651671320199966,-0.025163233280181885,-0.5600166320800781,0.9147346234910902,0.570016622543335,0.07502903789281845,0.09052558243274689,0.13458910584449768,0.08526537650890975,7432.0,-0.026819612830877304,-0.04663321375846863,-0.68889319896698,0.609930032292788,0.6988931894302368,0.2644791901111603,0.32444238662719727,0.44380494952201843,0.39006996770721203
114,0.01590396728246443,15657.0,-0.03339240327477455,-0.03029453754425049,-0.5458570122718811,0.9291051925656256,0.5558570027351379,0.0849321112036705,0.10138405859470367,0.14226728677749634,0.0708948074343744,7432.0,-0.03625968471169472,-0.05541589856147766,-0.7067748308181763,0.6266146393972013,0.7167748212814331,0.2773921489715576,0.3408169150352478,0.4532388746738434,0.3733853606027987
115,0.015902483895901712,15657.0,-0.032693054527044296,-0.0298289954662323,-0.6173386573791504,0.9355559813501948,0.6273386478424072,0.08193298429250717,0.09865162521600723,0.1447959691286087,0.0644440186498052,7432.0,-0.03252747282385826,-0.05191195011138916,-0.6752173900604248,0.6180032292787944,0.6852173805236816,0.27109530568122864,0.3332468569278717,0.446297824382782,0.3819967707212056
116,0.01564119828324164,15657.0,-0.029194818809628487,-0.026822835206985474,-0.5357449054718018,0.9202273743373571,0.5457448959350586,0.07715192437171936,0.09254784882068634,0.13446931540966034,0.07977262566264291,7432.0,-0.031029285863041878,-0.04897429049015045,-0.678361713886261,0.6178686759956943,0.6883617043495178,0.2688502371311188,0.32632091641426086,0.4447515606880188,0.3821313240043057
117,0.01552763995864699,15657.0,-0.03310910239815712,-0.02972196787595749,-0.5624023675918579,0.9363224117008366,0.5724023580551147,0.08343709260225296,0.10038921982049942,0.1447879821062088,0.06367758829916331,7432.0,-0.031226882711052895,-0.050137922167778015,-0.6994754672050476,0.6181377825618946,0.7094754576683044,0.26765644550323486,0.33079347014427185,0.4448726773262024,0.3818622174381055
118,0.015619828275615168,15657.0,-0.02992556430399418,-0.027791976928710938,-0.5333586931228638,0.9201635051414703,0.5433586835861206,0.07897435873746872,0.09439195692539215,0.13416443765163422,0.07983649485852973,7432.0,-0.028947068378329277,-0.04759684205055237,-0.7136724591255188,0.6142357373519914,0.7236724495887756,0.26979532837867737,0.3273257613182068,0.440015584230423,0.3857642626480086
119,0.015473703883828656,15657.0,-0.02764197066426277,-0.02559816837310791,-0.5461875200271606,0.9094973494283707,0.5561875104904175,0.07694334536790848,0.09212198853492737,0.13117410242557526,0.0905026505716293,7432.0,-0.027712777256965637,-0.04764010012149811,-0.6836715936660767,0.6167922497308934,0.6936715841293335,0.26481375098228455,0.3218270540237427,0.43683120608329773,0.3832077502691066
120,0.015545651436813416,15657.0,-0.02907850220799446,-0.026695668697357178,-0.5308229327201843,0.9241233952864534,0.5408229231834412,0.0755455493927002,0.09180092066526413,0.13267692923545837,0.07587660471354665,7432.0,-0.02974596992135048,-0.04836355894804001,-0.6988458633422852,0.6153121636167922,0.708845853805542,0.2655504643917084,0.32520097494125366,0.4413171708583832,0.38468783638320775
121,0.014978244960788758,15657.0,-0.030773280188441277,-0.027589499950408936,-0.5410910844802856,0.930446445679249,0.5510910749435425,0.07873134315013885,0.09556975215673447,0.13678649067878723,0.0695535543207511,7432.0,-0.028806744143366814,-0.047074854373931885,-0.721258282661438,0.6085844994617868,0.7312582731246948,0.2656593918800354,0.3265326917171478,0.4381166994571686,0.3914155005382131
122,0.014994536196031878,15657.0,-0.030678357928991318,-0.02760714292526245,-0.6181432604789734,0.9353643737625343,0.6281432509422302,0.07804058492183685,0.09483793377876282,0.13797643780708313,0.06463562623746567,7432.0,-0.0317130908370018,-0.0500345304608345,-0.7972903847694397,0.620021528525296,0.8072903752326965,0.2688305675983429,0.3344908058643341,0.4517858624458313,0.379978471474704
123,0.015361177464646677,15657.0,-0.0266055166721344,-0.024269044399261475,-0.5627918243408203,0.9152455770581849,0.5727918148040771,0.07324802130460739,0.08852828294038773,0.1263432800769806,0.08475442294181516,7432.0,-0.029347265139222145,-0.048094816505908966,-0.7264959812164307,0.6158503767491926,0.7364959716796875,0.26597630977630615,0.32559439539909363,0.44020015001296997,0.3841496232508073
124,0.015281347858328973,15657.0,-0.029239453375339508,-0.02674919366836548,-0.5180586576461792,0.9291690617615124,0.528058648109436,0.075701504945755,0.0900418609380722,0.12912669777870178,0.07083093823848757,7432.0,-0.025017522275447845,-0.04576343297958374,-0.6777559518814087,0.607508073196986,0.6877559423446655,0.26069095730781555,0.31671610474586487,0.4325300455093384,0.392491926803014
125,0.014897816243671601,15657.0,-0.030000295490026474,-0.02730843424797058,-0.5285258293151855,0.936194673309063,0.5385258197784424,0.07658062875270844,0.09162811934947968,0.1312439739704132,0.06380532669093696,7432.0,-0.025665201246738434,-0.045120060443878174,-0.702347993850708,0.6111410118406889,0.7123479843139648,0.2628207206726074,0.319600373506546,0.42991262674331665,0.3888589881593111
126,0.014945388080612305,15657.0,-0.033450718969106674,-0.03037700057029724,-0.5536818504333496,0.9489046432905409,0.5636818408966064,0.0810806080698967,0.09509159624576569,0.13584153354167938,0.05109535670945903,7432.0,-0.030208801850676537,-0.04961226135492325,-0.7228357195854187,0.6154467168998924,0.7328357100486755,0.2651839554309845,0.33125898241996765,0.443196177482605,0.38455328310010767
127,0.015073903205413972,15657.0,-0.027321981266140938,-0.025075703859329224,-0.541698694229126,0.9218879734304145,0.5516986846923828,0.07320549339056015,0.08773370087146759,0.12529002130031586,0.07811202656958549,7432.0,-0.01963481679558754,-0.039897218346595764,-0.6967807412147522,0.5956673842841765,0.706780731678009,0.25433096289634705,0.3107955753803253,0.4250366985797882,0.40433261571582346
128,0.014799026471953238,15657.0,-0.031762488186359406,-0.029685169458389282,-0.5470998287200928,0.941623554959443,0.5570998191833496,0.07728016376495361,0.09110152721405029,0.12711583077907562,0.05837644504055694,7432.0,-0.030386872589588165,-0.049252986907958984,-0.7650511264801025,0.6192142088266954,0.7750511169433594,0.26462432742118835,0.3218097686767578,0.4386267364025116,0.38078579117330463
129,0.014582209769756563,15657.0,-0.025975501164793968,-0.024085819721221924,-0.5153760313987732,0.9158203998211663,0.52537602186203,0.07163383811712265,0.08617232739925385,0.12453265488147736,0.08417960017883375,7432.0,-0.02499202825129032,-0.044070035219192505,-0.6923030614852905,0.606297093649085,0.7023030519485474,0.2619531452655792,0.32042214274406433,0.4345285892486572,0.393702906350915
130,0.014819674614456392,15657.0,-0.02536994405090809,-0.022948235273361206,-0.5225686430931091,0.9109663409337676,0.532568633556366,0.07185695320367813,0.08663000166416168,0.12853386998176575,0.08903365906623235,7432.0,-0.023581460118293762,-0.04397851601243019,-0.6860036849975586,0.6045479009687836,0.6960036754608154,0.2585269808769226,0.3188376724720001,0.4314301908016205,0.39545209903121636
131,0.014716999605298042,15657.0,-0.029000205919146538,-0.026781633496284485,-0.5214592218399048,0.9255923867918503,0.5314592123031616,0.07584583759307861,0.0910198912024498,0.13053707778453827,0.0744076132081497,7432.0,-0.02630149945616722,-0.045885130763053894,-0.7559404373168945,0.6128902045209903,0.7659404277801514,0.2626904249191284,0.3204403519630432,0.4380950331687927,0.3871097954790097
132,0.014692241926827738,15657.0,-0.030180256813764572,-0.0279962420463562,-0.5062229037284851,0.9364501500926103,0.5162228941917419,0.07617909461259842,0.09006325155496597,0.12972673773765564,0.06354984990738967,7432.0,-0.029563577845692635,-0.047501955181360245,-0.70450359582901,0.6181377825618946,0.7145035862922668,0.2693868577480316,0.3282761573791504,0.44372648000717163,0.3818622174381055
133,0.014620297378109347,15657.0,-0.02854706160724163,-0.025658652186393738,-0.5332250595092773,0.9259756019671712,0.5432250499725342,0.07597090303897858,0.0905236154794693,0.12954391539096832,0.07402439803282877,7432.0,-0.02933359332382679,-0.049547310918569565,-0.7198724746704102,0.6166576964477933,0.729872465133667,0.26579681038856506,0.326417475938797,0.44211673736572266,0.38334230355220666
134,0.014531660043904859,15657.0,-0.029459258541464806,-0.026355087757110596,-0.5143256187438965,0.9325541291435141,0.5243256092071533,0.07701631635427475,0.09250281751155853,0.13446080684661865,0.06744587085648591,7432.0,-0.030177952721714973,-0.051087915897369385,-0.7054600119590759,0.6142357373519914,0.7154600024223328,0.2690824568271637,0.32883045077323914,0.4423530399799347,0.3857642626480086
135,0.014557964919555572,15657.0,-0.029854679480195045,-0.027557596564292908,-0.5243398547172546,0.9410487321964617,0.5343398451805115,0.07546255737543106,0.08901071548461914,0.12775582075119019,0.058951267803538356,7432.0,-0.029319332912564278,-0.04968878626823425,-0.7075319290161133,0.6181377825618946,0.7175319194793701,0.26225176453590393,0.3207191228866577,0.4448508024215698,0.3818622174381055
136,0.014400543765194954,15657.0,-0.03284665197134018,-0.030161114409565926,-0.5352336764335632,0.9512678035383535,0.5452336668968201,0.07983428239822388,0.0944332703948021,0.1312585324048996,0.048732196461646546,7432.0,-0.03445397689938545,-0.053780604153871536,-0.7305405139923096,0.6232508073196986,0.7405405044555664,0.27332979440689087,0.3314208984375,0.44959646463394165,0.3767491926803014
137,0.014463845460164932,15657.0,-0.032467491924762726,-0.02955573797225952,-0.5774592161178589,0.9501820272082775,0.5874592065811157,0.07988444715738297,0.0942748636007309,0.13424625992774963,0.04981797279172255,7432.0,-0.03208787739276886,-0.05229009687900543,-0.6984487771987915,0.6181377825618946,0.7084487676620483,0.2676907181739807,0.32484596967697144,0.4457193911075592,0.3818622174381055
138,0.014174950218969775,15657.0,-0.0261862650513649,-0.024348080158233643,-0.5135529041290283,0.9172893913265632,0.5235528945922852,0.07208441942930222,0.08612088859081268,0.12261969596147537,0.0827106086734368,7432.0,-0.024001769721508026,-0.04304245114326477,-0.7092658877372742,0.6033369214208827,0.719265878200531,0.25893494486808777,0.3208279013633728,0.42885905504226685,0.3966630785791173
139,0.014163077959129888,15657.0,-0.033399391919374466,-0.03078344464302063,-0.538145899772644,0.9482659513316727,0.5481458902359009,0.0807066261768341,0.09591227024793625,0.13192972540855408,0.051734048668327266,7432.0,-0.03173007816076279,-0.05203600227832794,-0.6825375556945801,0.6227125941872982,0.6925375461578369,0.26872989535331726,0.3262282609939575,0.43958038091659546,0.3772874058127018
140,0.013945388637723462,15657.0,-0.02901216223835945,-0.026658236980438232,-0.49544647336006165,0.934023120648911,0.5054464340209961,0.07434321939945221,0.08952886611223221,0.1273154765367508,0.06597687935108897,7432.0,-0.025017747655510902,-0.04509180784225464,-0.7038676738739014,0.6058934337997847,0.7138676643371582,0.2612917125225067,0.31508925557136536,0.42970412969589233,0.3941065662002153
141,0.014446048186190667,15657.0,-0.03342325985431671,-0.031558454036712646,-0.5247911810874939,0.9457750526920866,0.5347911715507507,0.08002246916294098,0.09362155199050903,0.12884728610515594,0.05422494730791339,7432.0,-0.032814376056194305,-0.052164241671562195,-0.6941648721694946,0.6167922497308934,0.7041648626327515,0.26859191060066223,0.32708388566970825,0.43539339303970337,0.3832077502691066
142,0.014135307542258693,15657.0,-0.03143911808729172,-0.028862938284873962,-0.5345321893692017,0.941623554959443,0.5445321798324585,0.07796825468540192,0.09303377568721771,0.13621613383293152,0.05837644504055694,7432.0,-0.03034210205078125,-0.0490550696849823,-0.8050708174705505,0.6127556512378902,0.8150708079338074,0.2676306664943695,0.327828586101532,0.44109320640563965,0.3872443487621098
143,0.0141279217336447,15657.0,-0.03193747624754906,-0.029123008251190186,-0.5249066352844238,0.9475633901769177,0.5349066257476807,0.07758037000894547,0.09235759824514389,0.13243794441223145,0.05243660982308233,7432.0,-0.033315032720565796,-0.0524691641330719,-0.7467224597930908,0.6188105489773951,0.7567224502563477,0.2696340084075928,0.32777202129364014,0.4536745846271515,0.38118945102260493
144,0.013885457248937699,15657.0,-0.028456468135118484,-0.02593320608139038,-0.5172252058982849,0.9407932554129144,0.5272251963615417,0.0722450241446495,0.08707107603549957,0.12672880291938782,0.05920674458708565,7432.0,-0.028549300506711006,-0.049575287848711014,-0.715410053730011,0.61248654467169,0.7254100441932678,0.2640235424041748,0.3193955421447754,0.4307482838630676,0.38751345532831
145,0.013866737304675964,15657.0,-0.02749607525765896,-0.025699198246002197,-0.5138434767723083,0.9349811585872134,0.5238434672355652,0.07115926593542099,0.08437085151672363,0.12107904255390167,0.06501884141278662,7432.0,-0.02506941929459572,-0.04503758251667023,-0.7653790712356567,0.6057588805166846,0.7753790616989136,0.2601624131202698,0.31782159209251404,0.4387865960597992,0.3942411194833154
146,0.014001420729102628,15657.0,-0.03092741221189499,-0.028399646282196045,-0.5034393668174744,0.9472440441974835,0.5134393572807312,0.07586243748664856,0.09097536653280258,0.12914249300956726,0.05275595580251645,7432.0,-0.028059734031558037,-0.04666192829608917,-0.829829752445221,0.6110064585575888,0.8398297429084778,0.26080062985420227,0.3190571665763855,0.43539300560951233,0.3889935414424112
147,0.013907700476627196,15657.0,-0.029927264899015427,-0.027536198496818542,-0.5155508518218994,0.9421345085265377,0.5255508422851562,0.07487079501152039,0.08957979828119278,0.1254432499408722,0.05786549147346235,7432.0,-0.025161541998386383,-0.04629097878932953,-0.7759829163551331,0.6085844994617868,0.7859829068183899,0.2604629397392273,0.31633657217025757,0.42731261253356934,0.3914155005382131
148,0.01401108773725648,15657.0,-0.02747868001461029,-0.025427505373954773,-0.4984782934188843,0.9236763109152456,0.5084782838821411,0.0741085559129715,0.08763999491930008,0.1218935027718544,0.07632368908475443,7432.0,-0.025498924776911736,-0.04752787947654724,-0.7349728941917419,0.6092572658772875,0.7449728846549988,0.2592531740665436,0.3171981871128082,0.44126302003860474,0.3907427341227126
149,0.013687343847367072,15657.0,-0.02961929328739643,-0.02704693377017975,-0.5601556301116943,0.9407932554129144,0.5701556205749512,0.07442743331193924,0.08936737477779388,0.1268356591463089,0.05920674458708565,7432.0,-0.027302393689751625,-0.04796572029590607,-0.6932867169380188,0.6127556512378902,0.7032867074012756,0.26388245820999146,0.3217748701572418,0.4371408224105835,0.3872443487621098
150,0.013831863360058877,15657.0,-0.033394984900951385,-0.030553698539733887,-0.5020554065704346,0.9573992463434885,0.5120553970336914,0.07899117469787598,0.0939369723200798,0.126117542386055,0.04260075365651146,7432.0,-0.03227141126990318,-0.05381938815116882,-0.7244080305099487,0.6174650161463939,0.7344080209732056,0.268543004989624,0.3278332054615021,0.44803380966186523,0.382534983853606
151,0.013664105726826576,15657.0,-0.027407824993133545,-0.025284595787525177,-0.5029032826423645,0.9288497157820783,0.5129032731056213,0.0721701979637146,0.08676623553037643,0.12085100263357162,0.0711502842179217,7432.0,-0.025889534503221512,-0.04615435004234314,-0.7570712566375732,0.6110064585575888,0.7670712471008301,0.26070621609687805,0.31974679231643677,0.43543747067451477,0.3889935414424112
152,0.013617896925537817,15657.0,-0.030100978910923004,-0.027539387345314026,-0.5029555559158325,0.9427732004854059,0.5129555463790894,0.07598214596509933,0.09033755213022232,0.12255578488111496,0.05722679951459411,7432.0,-0.028085246682167053,-0.04927203059196472,-0.7221505641937256,0.6108719052744886,0.7321505546569824,0.25961077213287354,0.320321261882782,0.43363627791404724,0.3891280947255113
153,0.013723724852165869,15657.0,-0.03549691662192345,-0.03236301243305206,-0.5226868391036987,0.9676821868812672,0.5326868295669556,0.08102446794509888,0.0956558808684349,0.13682065904140472,0.03231781311873284,7432.0,-0.034373689442873,-0.05292804539203644,-0.7063746452331543,0.6254036598493004,0.7163746356964111,0.2697499096393585,0.3291238248348236,0.4434674382209778,0.3745963401506997
154,0.013423298515619771,15657.0,-0.028058918192982674,-0.02603703737258911,-0.4901617169380188,0.9404100402375934,0.5001617074012756,0.07137217372655869,0.08420062810182571,0.1209515929222107,0.059589959762406594,7432.0,-0.025318613275885582,-0.045482099056243896,-0.7429748773574829,0.6093918191603875,0.7529748678207397,0.2598378360271454,0.3175758421421051,0.4314141273498535,0.39060818083961246
155,0.013324830681085587,15657.0,-0.02966713160276413,-0.027719497680664062,-0.4986364245414734,0.9442421919908028,0.5086364150047302,0.07389511168003082,0.08744535595178604,0.12185563147068024,0.05575780800919716,7432.0,-0.025556569918990135,-0.04617293179035187,-0.7247946858406067,0.6111410118406889,0.7347946763038635,0.25938621163368225,0.31936416029930115,0.4342045187950134,0.3888589881593111
156,0.013353964674376672,15657.0,-0.028959589079022408,-0.02642589807510376,-0.5042822957038879,0.9483298205275595,0.5142822861671448,0.07278220355510712,0.08634433895349503,0.12408436834812164,0.051670179472440445,7432.0,-0.023766107857227325,-0.04363945126533508,-0.7609680891036987,0.6052206673842842,0.7709680795669556,0.25899574160575867,0.3166373372077942,0.4347584545612335,0.39477933261571585
157,0.013417400479797394,15657.0,-0.028132116422057152,-0.025929152965545654,-0.512030303478241,0.938749441144536,0.5220302939414978,0.07293885201215744,0.08643343299627304,0.11868306994438171,0.06125055885546401,7432.0,-0.0265748742967844,-0.04582476615905762,-0.6970288753509521,0.6107373519913886,0.707028865814209,0.26235300302505493,0.32272064685821533,0.4276385009288788,0.38926264800861143
158,0.013343814820531876,15657.0,-0.028767012059688568,-0.026636838912963867,-0.4862810969352722,0.9466692214345022,0.49628108739852905,0.07110583782196045,0.08416984975337982,0.12037385255098343,0.05333077856549786,7432.0,-0.028108030557632446,-0.04732561111450195,-0.7044040560722351,0.6115446716899893,0.7144040465354919,0.2643362581729889,0.3190576136112213,0.4284614622592926,0.3884553283100108
159,0.013440059437867134,15657.0,-0.0310186967253685,-0.02802950143814087,-0.5030146837234497,0.961933959251453,0.5130146741867065,0.07389584928750992,0.08808476477861404,0.12432613223791122,0.03806604074854698,7432.0,-0.027645083144307137,-0.047884754836559296,-0.7298864126205444,0.6142357373519914,0.7398864030838013,0.26191484928131104,0.32014432549476624,0.4334360361099243,0.3857642626480086
160,0.013180296086976606,15657.0,-0.029529333114624023,-0.026650354266166687,-0.522680401802063,0.9513316727342402,0.5326803922653198,0.07327325642108917,0.08812592178583145,0.12668420374393463,0.048668327265759724,7432.0,-0.02754225581884384,-0.047928184270858765,-0.769841194152832,0.613697524219591,0.7798411846160889,0.26356562972068787,0.31956925988197327,0.44080811738967896,0.38630247578040905
161,0.013296181996983866,15657.0,-0.02678840234875679,-0.024343334138393402,-0.49809667468070984,0.9306380532669094,0.5080966949462891,0.07173892110586166,0.08546512573957443,0.122757188975811,0.06936194673309062,7432.0,-0.02439195103943348,-0.04352767765522003,-0.7146105766296387,0.6057588805166846,0.7246105670928955,0.2593880295753479,0.320966899394989,0.43369463086128235,0.3942411194833154
162,0.012938563741983907,15657.0,-0.033520910888910294,-0.030856430530548096,-0.5038920640945435,0.9633390815609632,0.5138920545578003,0.07828589528799057,0.0922284796833992,0.1286773830652237,0.03666091843903685,7432.0,-0.03139353543519974,-0.05156600475311279,-0.7973502278327942,0.6166576964477933,0.807350218296051,0.26882314682006836,0.32635337114334106,0.4358120560646057,0.38334230355220666
163,0.012905100360512733,15657.0,-0.025683345273137093,-0.02398693561553955,-0.5524404048919678,0.9325541291435141,0.5624403953552246,0.06812090426683426,0.08067212998867035,0.11435062438249588,0.06744587085648591,7432.0,-0.019984940066933632,-0.04178135097026825,-0.7231416702270508,0.6027987082884823,0.7331416606903076,0.25297319889068604,0.31122395396232605,0.4153404235839844,0.39720129171151775
164,0.013060452536709847,15657.0,-0.032222554087638855,-0.029093176126480103,-0.5167391300201416,0.9570799003640544,0.5267391204833984,0.07771918922662735,0.09242180734872818,0.1344541311264038,0.042920099635945584,7432.0,-0.029396386817097664,-0.04946187138557434,-0.7456226348876953,0.6184068891280947,0.7556226253509521,0.2643338441848755,0.32201746106147766,0.43363603949546814,0.3815931108719053
165,0.013178164980584575,15657.0,-0.03256602585315704,-0.030449628829956055,-0.5069234371185303,0.9621894360350003,0.5169234275817871,0.07510041445493698,0.08932129293680191,0.1248384639620781,0.03781056396499968,7432.0,-0.030371999368071556,-0.05066031217575073,-0.727264404296875,0.6215016146393972,0.7372643947601318,0.26561352610588074,0.3199240267276764,0.4291796088218689,0.3784983853606028
166,0.012991377122459872,15657.0,-0.0270151998847723,-0.024544119834899902,-0.49183186888694763,0.9437951076195951,0.5018318891525269,0.0699252188205719,0.08336876332759857,0.1203576996922493,0.05620489238040493,7432.0,-0.0239829421043396,-0.04457865655422211,-0.7044830322265625,0.6053552206673842,0.7144830226898193,0.25953346490859985,0.31311270594596863,0.4275023341178894,0.3946447793326157
167,0.01284512264593955,15657.0,-0.029112178832292557,-0.0269126296043396,-0.4845139682292938,0.9502458964041642,0.49451395869255066,0.07197301089763641,0.084485724568367,0.1184057891368866,0.04975410359583573,7432.0,-0.025627655908465385,-0.046496421098709106,-0.6557012796401978,0.6138320775026911,0.6657012701034546,0.25970903038978577,0.3146028518676758,0.42660051584243774,0.3861679224973089
168,0.012656240874240476,15657.0,-0.02865985408425331,-0.026525795459747314,-0.49804946780204773,0.9484575589193333,0.508049488067627,0.07123838365077972,0.08462965488433838,0.11706475913524628,0.051542441080666794,7432.0,-0.025074834004044533,-0.046537548303604126,-0.7074758410453796,0.6108719052744886,0.7174758315086365,0.26010555028915405,0.315451979637146,0.4285646975040436,0.3891280947255113
169,0.012950107395168274,15657.0,-0.02609274350106716,-0.02375856041908264,-0.5129581689834595,0.9330012135147219,0.5229581594467163,0.06969921290874481,0.0833885446190834,0.11862197518348694,0.06699878648527816,7432.0,-0.02103562280535698,-0.04199382662773132,-0.7408732175827026,0.6034714747039828,0.7508732080459595,0.2545127868652344,0.31270653009414673,0.4152984619140625,0.39652852529601723
170,0.012889889819968131,15657.0,-0.023694999516010284,-0.02127295732498169,-0.5128999948501587,0.9291051925656256,0.5228999853134155,0.06624014675617218,0.07963187247514725,0.11192048341035843,0.0708948074343744,7432.0,-0.01997251622378826,-0.03992864489555359,-0.7313433885574341,0.6001076426264801,0.7413433790206909,0.2522676885128021,0.3120344281196594,0.41950690746307373,0.3998923573735199
171,0.012706267437146555,15657.0,-0.029928935691714287,-0.027594685554504395,-0.5037440061569214,0.9559302548380916,0.5137439966201782,0.07217121869325638,0.08541371673345566,0.12035006284713745,0.04406974516190841,7432.0,-0.02710075117647648,-0.04748040437698364,-0.6746714115142822,0.6120828848223897,0.6846714019775391,0.26010414958000183,0.3184671700000763,0.42503005266189575,0.38791711517761035
172,0.012873433410160003,15657.0,-0.028584709390997887,-0.026148676872253418,-0.5037955045700073,0.941623554959443,0.5137954950332642,0.07293345779180527,0.08670064806938171,0.12190156430006027,0.05837644504055694,7432.0,-0.024915488436818123,-0.04601059854030609,-0.71810382604599,0.6104682454251884,0.7281038165092468,0.2584111988544464,0.31586530804634094,0.42806822061538696,0.38953175457481165
173,0.012623013628105964,15657.0,-0.025473633781075478,-0.022746413946151733,-0.5123804211616516,0.9343424666283452,0.5223804116249084,0.06785932183265686,0.08256277441978455,0.11993859708309174,0.06565753337165485,7432.0,-0.021524352952837944,-0.04164930433034897,-0.7732757925987244,0.6045479009687836,0.7832757830619812,0.2529502809047699,0.31328845024108887,0.43013113737106323,0.39545209903121636
174,0.012787790608502204,15657.0,-0.03096874989569187,-0.0293998122215271,-0.4909854829311371,0.9545251325285815,0.5009855031967163,0.07298925518989563,0.08544036000967026,0.11600206792354584,0.04547486747141854,7432.0,-0.026310525834560394,-0.047745779156684875,-0.7210795879364014,0.6134284176533907,0.7310795783996582,0.25462764501571655,0.31076228618621826,0.41747841238975525,0.38657158234660927
175,0.012313603934261107,15657.0,-0.027766484767198563,-0.025223076343536377,-0.46675848960876465,0.9483936897234464,0.4767584800720215,0.06984501332044601,0.08307494968175888,0.115508072078228,0.051606310276553616,7432.0,-0.02600412257015705,-0.04476088285446167,-0.6810845136642456,0.6106027987082885,0.6910845041275024,0.2589886784553528,0.31694602966308594,0.43142175674438477,0.3893972012917115
176,0.012443073754829745,15657.0,-0.030727418139576912,-0.027727067470550537,-0.4924861788749695,0.9611036597049243,0.5024861693382263,0.07445328682661057,0.08853138238191605,0.12225539982318878,0.03889634029507569,7432.0,-0.028166694566607475,-0.0492560938000679,-0.6815659999847412,0.6130247578040904,0.691565990447998,0.26123955845832825,0.32253164052963257,0.4327724874019623,0.38697524219590956
177,0.012604418961751846,15657.0,-0.028413932770490646,-0.025866031646728516,-0.49312055110931396,0.9509484575589193,0.5031205415725708,0.07154873013496399,0.0846652239561081,0.1164960116147995,0.04905154244108067,7432.0,-0.025377172976732254,-0.04490630328655243,-0.714727520942688,0.6108719052744886,0.7247275114059448,0.2573374807834625,0.3161546587944031,0.4300072193145752,0.3891280947255113
178,0.01258939781015919,15657.0,-0.027742257341742516,-0.02537425421178341,-0.4914603531360626,0.9444337995784633,0.5014603137969971,0.06998980790376663,0.08482716232538223,0.11664828658103943,0.05556620042153669,7432.0,-0.023293888196349144,-0.04364597052335739,-0.7233941555023193,0.6040096878363832,0.7333941459655762,0.2570428252220154,0.316799134016037,0.4336072504520416,0.3959903121636168
179,0.012617873148091378,15657.0,-0.03062361478805542,-0.027702748775482178,-0.49958038330078125,0.955419301270997,0.5095803737640381,0.07458239048719406,0.08864549547433853,0.12689630687236786,0.044580698729003,7432.0,-0.027814069762825966,-0.04690276086330414,-0.7517330646514893,0.6126210979547901,0.7617330551147461,0.26352083683013916,0.32074204087257385,0.4285089671611786,0.3873789020452099
180,0.01251824608733577,15657.0,-0.025721194222569466,-0.023527681827545166,-0.4935826361179352,0.941304208980009,0.5035825967788696,0.0674981102347374,0.08077937364578247,0.11164698749780655,0.05869579101999106,7432.0,-0.02138318307697773,-0.04188565909862518,-0.7194503545761108,0.6032023681377826,0.7294503450393677,0.2547738254070282,0.311165988445282,0.4183483123779297,0.39679763186221745
181,0.012434377425139951,15657.0,-0.02767573669552803,-0.02538488805294037,-0.4733278453350067,0.936194673309063,0.48332783579826355,0.0720968097448349,0.08502990007400513,0.11658833175897598,0.06380532669093696,7432.0,-0.02529117278754711,-0.04467979073524475,-0.6948097944259644,0.6080462863293864,0.7048097848892212,0.26155850291252136,0.32286471128463745,0.4294416010379791,0.39195371367061355
182,0.012866180149778243,15657.0,-0.030951155349612236,-0.02798563614487648,-0.49195146560668945,0.961933959251453,0.5019514560699463,0.07484951615333557,0.08857324719429016,0.12224199622869492,0.03806604074854698,7432.0,-0.027307594195008278,-0.048492833971977234,-0.7335513830184937,0.6119483315392895,0.7435513734817505,0.26188138127326965,0.3218272626399994,0.4315517246723175,0.38805166846071043
183,0.012423591988701974,15657.0,-0.022640341892838478,-0.020688921213150024,-0.4721857011318207,0.9218879734304145,0.4821856915950775,0.06471281498670578,0.07695275545120239,0.10801637172698975,0.07811202656958549,7432.0,-0.01536464598029852,-0.036320433020591736,-0.6891880035400391,0.5917653390742734,0.6991879940032959,0.25062066316604614,0.3015359044075012,0.42116379737854004,0.4082346609257266
184,0.012421552151922257,15657.0,-0.025191444903612137,-0.022947847843170166,-0.47888270020484924,0.9409848630005748,0.4888826906681061,0.06638732552528381,0.0786011591553688,0.10966601222753525,0.05901513699942518,7432.0,-0.020979799330234528,-0.04276375472545624,-0.691124677658081,0.603740581270183,0.7011246681213379,0.25421351194381714,0.3104662001132965,0.41571739315986633,0.396259418729817
185,0.012162739771508401,15657.0,-0.028203681111335754,-0.025083065032958984,-0.4919964373111725,0.9515232803219007,0.5019963979721069,0.07201322168111801,0.08654383569955826,0.12228652834892273,0.04847671967809925,7432.0,-0.022705217823386192,-0.045203402638435364,-0.7084577679634094,0.604951560818084,0.7184577584266663,0.256570965051651,0.31463804841041565,0.4218369126319885,0.395048439181916
186,0.01194005988297924,15657.0,-0.026086527854204178,-0.02429443597793579,-0.4740537405014038,0.9442421919908028,0.48405373096466064,0.0668177679181099,0.0795210599899292,0.111704021692276,0.05575780800919716,7432.0,-0.02071695402264595,-0.04150110483169556,-0.6744974851608276,0.6015877287405813,0.6844974756240845,0.2553921043872833,0.309501588344574,0.4185437858104706,0.39841227125941875
187,0.012186212765593682,15657.0,-0.025659140199422836,-0.02371913194656372,-0.4701007306575775,0.9395797406910646,0.48010072112083435,0.06683020293712616,0.0795186385512352,0.11277720332145691,0.0604202593089353,7432.0,-0.02169189602136612,-0.04266981780529022,-0.7068768739700317,0.6065662002152853,0.7168768644332886,0.2534625828266144,0.3084407150745392,0.4183160066604614,0.39343379978471477
188,0.012206644000064942,15657.0,-0.03095375932753086,-0.02836674451828003,-0.49150896072387695,0.9589959762406591,0.5015089511871338,0.07422976195812225,0.08723366260528564,0.11940056830644608,0.04100402375934087,7432.0,-0.027635661885142326,-0.04970964416861534,-0.7047224044799805,0.614908503767492,0.7147223949432373,0.260386198759079,0.32050764560699463,0.42656561732292175,0.38509149623250805
189,0.012060680636955846,15657.0,-0.02779681421816349,-0.02489696815609932,-0.5079424381256104,0.9483936897234464,0.5179424285888672,0.07111281156539917,0.08453063666820526,0.11924437433481216,0.051606310276553616,7432.0,-0.022798314690589905,-0.044991642236709595,-0.7173435091972351,0.6073735199138859,0.7273434996604919,0.25414544343948364,0.31445279717445374,0.42350324988365173,0.3926264800861141
190,0.012213296106746119,15657.0,-0.023381618782877922,-0.021394789218902588,-0.47571179270744324,0.9237401801111323,0.4857117831707001,0.06563744693994522,0.07825500518083572,0.1106516420841217,0.0762598198888676,7432.0,-0.016962895169854164,-0.03997698426246643,-0.7228741645812988,0.5936490850376749,0.7328741550445557,0.2480025440454483,0.3064911961555481,0.41728827357292175,0.40635091496232506
191,0.012324000979142805,15657.0,-0.03240691125392914,-0.029464006423950195,-0.5140358209609985,0.9675544484894936,0.5240358114242554,0.0755988210439682,0.08955609053373337,0.1252596080303192,0.03244555151050648,7432.0,-0.03135860711336136,-0.05289376527070999,-0.8258575201034546,0.6174650161463939,0.8358575105667114,0.26422104239463806,0.3281092941761017,0.4358113408088684,0.382534983853606
192,0.012164818423409616,15657.0,-0.02440136857330799,-0.0230138897895813,-0.48706257343292236,0.9298077537203807,0.4970625638961792,0.06588999181985855,0.07842423766851425,0.10883736610412598,0.07019224627961934,7432.0,-0.01703694276511669,-0.03957200050354004,-0.6936110258102417,0.5933799784714747,0.7036110162734985,0.24924232065677643,0.30511683225631714,0.41567462682724,0.4066200215285253
193,0.012169162051812295,15657.0,-0.03189662843942642,-0.02935081720352173,-0.5020736455917358,0.9670434949223989,0.5120736360549927,0.07430461049079895,0.08894650638103485,0.1210111528635025,0.032956505077601075,7432.0,-0.02765984833240509,-0.04867583513259888,-0.7638686895370483,0.6147739504843919,0.7738686800003052,0.25843048095703125,0.31796735525131226,0.425924152135849,0.3852260495156082
194,0.012069333885465898,15657.0,-0.030030665919184685,-0.027655720710754395,-0.49179255962371826,0.9609759213131507,0.5017925500869751,0.07153796404600143,0.08381161093711853,0.11683431267738342,0.03902407868684933,7432.0,-0.026160147041082382,-0.0476432740688324,-0.7926799058914185,0.6103336921420882,0.8026798963546753,0.2577379047870636,0.3192340135574341,0.42490532994270325,0.38966630785791173
195,0.011952363435299165,15657.0,-0.024875899776816368,-0.023047208786010742,-0.49067628383636475,0.9388133103404228,0.5006762742996216,0.06570389866828918,0.07862598448991776,0.10704464465379715,0.06118668965957719,7432.0,-0.018610889092087746,-0.03946201503276825,-0.7001646757125854,0.6010495156081809,0.7101646661758423,0.24941062927246094,0.30655747652053833,0.4140440821647644,0.3989504843918192
196,0.011753330547963419,15657.0,-0.03116556629538536,-0.028914213180541992,-0.4850330650806427,0.9680015328607012,0.49503305554389954,0.07254225760698318,0.0853004977107048,0.11390789598226547,0.031998467139298714,7432.0,-0.027201814576983452,-0.0484146922826767,-0.7066975235939026,0.6153121636167922,0.7166975140571594,0.25918149948120117,0.31618502736091614,0.42089971899986267,0.38468783638320775
197,0.012024317657755267,15657.0,-0.02882612869143486,-0.026451528072357178,-0.4971277713775635,0.9568244235805071,0.5071277618408203,0.07031392306089401,0.08366834372282028,0.1173887699842453,0.04317557641949288,7432.0,-0.024662325158715248,-0.04440517723560333,-0.6884358525276184,0.6104682454251884,0.6984358429908752,0.25876542925834656,0.3158911466598511,0.4264386296272278,0.38953175457481165
198,0.011940575234832303,15657.0,-0.030379634350538254,-0.027763813734054565,-0.49319732189178467,0.9670434949223989,0.5031973123550415,0.07177965342998505,0.08647773414850235,0.12191591411828995,0.032956505077601075,7432.0,-0.025185085833072662,-0.04480092227458954,-0.815739095211029,0.6085844994617868,0.8257390856742859,0.25832515954971313,0.3155578076839447,0.42700907588005066,0.3914155005382131
199,0.011764912775927974,15657.0,-0.02801871858537197,-0.026042312383651733,-0.495800644159317,0.9473079133933704,0.5058006048202515,0.0701824277639389,0.08350205421447754,0.11427653580904007,0.05269208660662962,7432.0,-0.022495212033391,-0.04306904971599579,-0.6845188140869141,0.6030678148546824,0.6945188045501709,0.2543346881866455,0.30828481912612915,0.42428451776504517,0.39693218514531753
200,0.011786976588829871,15657.0,-0.025522515177726746,-0.023977354168891907,-0.4921731948852539,0.9356198505460817,0.5021731853485107,0.06697119027376175,0.07956905663013458,0.11055077612400055,0.06438014945391837,7432.0,-0.019249027594923973,-0.040385693311691284,-0.7077159285545349,0.5976856835306782,0.7177159190177917,0.25110185146331787,0.30417871475219727,0.4119785726070404,0.40231431646932186
201,0.011994143887873619,15657.0,-0.02611139975488186,-0.023532062768936157,-0.4813559055328369,0.9460943986715207,0.49135589599609375,0.06834493577480316,0.08079256862401962,0.11044616252183914,0.053905601328479276,7432.0,-0.02115991711616516,-0.04275137186050415,-0.8048537969589233,0.6030678148546824,0.8148537874221802,0.25222617387771606,0.30835458636283875,0.4267238974571228,0.39693218514531753
202,0.011899776576507476,15657.0,-0.02698240429162979,-0.025005251169204712,-0.5054460167884827,0.9548444785080156,0.5154460072517395,0.06700978428125381,0.07954182475805283,0.10953044146299362,0.045155521491984416,7432.0,-0.023557409644126892,-0.04136250913143158,-0.6939418315887451,0.6091227125941873,0.703941822052002,0.257061630487442,0.3155767619609833,0.4158867597579956,0.3908772874058127
203,0.011693924965877686,15657.0,-0.023141980171203613,-0.02169102430343628,-0.4781079888343811,0.9279555470396628,0.48810797929763794,0.06346142292022705,0.07549983263015747,0.10616549104452133,0.07204445296033724,7432.0,-0.01746288314461708,-0.04018324613571167,-0.7107123732566833,0.5994348762109796,0.7207123637199402,0.25160837173461914,0.3039034903049469,0.40527015924453735,0.4005651237890204
204,0.011709225574328054,15657.0,-0.030948979780077934,-0.02844032645225525,-0.5052018761634827,0.9704285623044006,0.5152018666267395,0.07134266197681427,0.0851462334394455,0.11627766489982605,0.029571437695599414,7432.0,-0.02807573415338993,-0.04900842905044556,-0.8219213485717773,0.6155812701829925,0.8319213390350342,0.2628732919692993,0.31532081961631775,0.42515647411346436,0.38441872981700753
205,0.011657020317450646,15657.0,-0.023245515301823616,-0.021893247961997986,-0.4925289452075958,0.9381107491856677,0.5025289058685303,0.06182033196091652,0.07321882992982864,0.10331565141677856,0.06188925081433225,7432.0,-0.015700751915574074,-0.036750927567481995,-0.6833286881446838,0.5960710441334769,0.6933286786079407,0.247328519821167,0.3013560473918915,0.40564268827438354,0.40392895586652316
206,0.01168906838903504,15657.0,-0.024109037593007088,-0.021829932928085327,-0.47994720935821533,0.9368972344638181,0.48994719982147217,0.06532607227563858,0.07846590876579285,0.10857760161161423,0.0631027655361819,7432.0,-0.01764824613928795,-0.03864008188247681,-0.6825062036514282,0.5986275565123789,0.6925061941146851,0.24921351671218872,0.3037848174571991,0.42128774523735046,0.4013724434876211
207,0.011672468675721076,15657.0,-0.027416154742240906,-0.025607287883758545,-0.47422465682029724,0.9516510187136744,0.4842246472835541,0.06775076687335968,0.07988389581441879,0.1123313307762146,0.04834898128632561,7432.0,-0.023823458701372147,-0.043795257806777954,-0.8110615611076355,0.606297093649085,0.8210615515708923,0.2563072443008423,0.3134613633155823,0.4275103211402893,0.393702906350915
208,0.011290772848071591,15657.0,-0.02688531018793583,-0.02438625693321228,-0.47570136189460754,0.9521619722807689,0.4857013523578644,0.06778863072395325,0.08117527514696121,0.11423111706972122,0.04783802771923101,7432.0,-0.02232421189546585,-0.04394082725048065,-0.7098197937011719,0.604951560818084,0.7198197841644287,0.25632065534591675,0.31177714467048645,0.41994693875312805,0.395048439181916
209,0.011564282640334099,15657.0,-0.026231031864881516,-0.02405303716659546,-0.47287410497665405,0.9458389218879735,0.4828740954399109,0.0677322968840599,0.07995571196079254,0.11275532841682434,0.05416107811202657,7432.0,-0.02188757434487343,-0.04240447282791138,-0.6987395286560059,0.6027987082884823,0.7087395191192627,0.25297054648399353,0.31215304136276245,0.4326145052909851,0.39720129171151775
210,0.01163070931309654,15657.0,-0.028093671426177025,-0.026203066110610962,-0.506004273891449,0.9607843137254902,0.5160042643547058,0.06801386177539825,0.07933084666728973,0.11021381616592407,0.0392156862745098,7432.0,-0.023506196215748787,-0.044180527329444885,-0.7116286754608154,0.6071044133476857,0.7216286659240723,0.25423088669776917,0.31172341108322144,0.4198128283023834,0.39289558665231433
211,0.011302184734132982,15657.0,-0.02446557581424713,-0.022994011640548706,-0.49646300077438354,0.9450724915373315,0.5064629912376404,0.06307363510131836,0.07405316084623337,0.10508850961923599,0.05492750846266845,7432.0,-0.016273584216833115,-0.03857780992984772,-0.6925523281097412,0.5952637244348762,0.702552318572998,0.24716880917549133,0.3016417920589447,0.40550217032432556,0.4047362755651238
212,0.011567270743750756,15657.0,-0.027050690725445747,-0.025066673755645752,-0.48327234387397766,0.9527367950437504,0.4932723343372345,0.0670601949095726,0.07938258349895477,0.10910075902938843,0.0472632049562496,7432.0,-0.02327168546617031,-0.04423806071281433,-0.6907026767730713,0.6053552206673842,0.7007026672363281,0.2558823227882385,0.3114609718322754,0.4116487503051758,0.3946447793326157
213,0.011317473926371144,15657.0,-0.026438312605023384,-0.02385479211807251,-0.48759397864341736,0.9544612633326947,0.4975939691066742,0.06727148592472076,0.08001065254211426,0.11025188863277435,0.04553873666730536,7432.0,-0.02279755473136902,-0.04249058663845062,-0.6863871812820435,0.606297093649085,0.6963871717453003,0.2561493217945099,0.3093188405036926,0.41498002409935,0.393702906350915
214,0.011332456322927629,15657.0,-0.02519904635846615,-0.023081421852111816,-0.4932079017162323,0.9513955419301271,0.5032079219818115,0.06395341455936432,0.07654010504484177,0.11031157523393631,0.0486044580698729,7432.0,-0.02013648860156536,-0.041162505745887756,-0.7089500427246094,0.6032023681377826,0.7189500331878662,0.2496458888053894,0.30919402837753296,0.41861820220947266,0.39679763186221745
215,0.011248820431290133,15657.0,-0.026911437511444092,-0.02493607997894287,-0.49870380759239197,0.9475633901769177,0.5087038278579712,0.06834102421998978,0.08098158240318298,0.1088724136352539,0.05243660982308233,7432.0,-0.02295985072851181,-0.0446329265832901,-0.7001453638076782,0.6115446716899893,0.7101453542709351,0.2557205855846405,0.3067299723625183,0.41001835465431213,0.3884553283100108
216,0.011280100912817063,15657.0,-0.025332393124699593,-0.023945480585098267,-0.4654630720615387,0.9505652423835984,0.47546306252479553,0.06447236984968185,0.07544130831956863,0.10203494876623154,0.049434757616401606,7432.0,-0.022081837058067322,-0.0438033789396286,-0.7151243090629578,0.6069698600645855,0.7251242995262146,0.25405481457710266,0.3117278814315796,0.416847825050354,0.3930301399354144
217,0.011247297148070028,15657.0,-0.02809152379631996,-0.02647346258163452,-0.47892558574676514,0.9520981030848822,0.488925576210022,0.06924555450677872,0.08117596805095673,0.10784130543470383,0.04790189691511784,7432.0,-0.022946372628211975,-0.04341277480125427,-0.7085597515106201,0.6084499461786868,0.718559741973877,0.25433364510536194,0.31108617782592773,0.41528716683387756,0.39155005382131325
218,0.01130401168859774,15657.0,-0.02666245773434639,-0.02456134557723999,-0.48384353518486023,0.9587404994571118,0.49384352564811707,0.065684475004673,0.07755553722381592,0.10647180676460266,0.04125950054288816,7432.0,-0.019162025302648544,-0.04099249839782715,-0.6865559816360474,0.5993003229278795,0.6965559720993042,0.24821609258651733,0.3038230538368225,0.4075944423675537,0.40069967707212056
219,0.011369865567934128,15657.0,-0.02924024872481823,-0.026839017868041992,-0.4852687120437622,0.9650635498499074,0.49526870250701904,0.06991005688905716,0.08267486840486526,0.11313952505588531,0.03493645015009261,7432.0,-0.024784868583083153,-0.046073704957962036,-0.7416916489601135,0.6081808396124866,0.7516916394233704,0.2582382559776306,0.31346595287323,0.41390374302864075,0.39181916038751347
220,0.011273098027994555,15657.0,-0.02923750877380371,-0.027054667472839355,-0.5031800270080566,0.9633390815609632,0.5131800174713135,0.07046563923358917,0.0829392671585083,0.11263827234506607,0.03666091843903685,7432.0,-0.023221051320433617,-0.04411669820547104,-0.8127014636993408,0.6085844994617868,0.8227014541625977,0.2549091577529907,0.3086332380771637,0.41218897700309753,0.3914155005382131
221,0.011167391774154479,15657.0,-0.02750944159924984,-0.02610817551612854,-0.5010811686515808,0.9586127610653382,0.5110811591148376,0.06688312441110611,0.07853629440069199,0.10648234933614731,0.04138723893466181,7432.0,-0.022381065413355827,-0.04389926791191101,-0.6856199502944946,0.6061625403659849,0.6956199407577515,0.2525377571582794,0.30584901571273804,0.40223321318626404,0.39383745963401506
222,0.011419742638545652,15657.0,-0.02869640477001667,-0.02672654390335083,-0.5064642429351807,0.9674905792936067,0.5164642333984375,0.0680469274520874,0.07999803125858307,0.10722695291042328,0.03250942070639331,7432.0,-0.02372858114540577,-0.04509615898132324,-0.6634389758110046,0.6088536060279871,0.6734389662742615,0.2553043067455292,0.3093293011188507,0.4099844694137573,0.3911463939720129
223,0.011125033360815818,15657.0,-0.024161405861377716,-0.022290408611297607,-0.48476964235305786,0.9442421919908028,0.4947696328163147,0.06384499371051788,0.07570671290159225,0.10343454778194427,0.05575780800919716,7432.0,-0.019596494734287262,-0.04078000783920288,-0.6487798094749451,0.6014531754574811,0.6587797999382019,0.2518611550331116,0.30681246519088745,0.4056020677089691,0.39854682454251883
224,0.011214467246205576,15657.0,-0.029766740277409554,-0.02778083086013794,-0.5047909617424011,0.9650635498499074,0.514790952205658,0.07097624242305756,0.0831814631819725,0.11290127784013748,0.03493645015009261,7432.0,-0.024855179712176323,-0.04588179290294647,-0.7610349655151367,0.6116792249730894,0.7710349559783936,0.25723153352737427,0.3094469904899597,0.42109042406082153,0.38832077502691065
225,0.011352458788502601,15657.0,-0.02446836605668068,-0.022842109203338623,-0.47621840238571167,0.9489046432905409,0.4862183928489685,0.06241893768310547,0.07405146956443787,0.09943874925374985,0.05109535670945903,7432.0,-0.019491061568260193,-0.04135347157716751,-0.6471265554428101,0.601318622174381,0.6571265459060669,0.24645401537418365,0.3028200566768646,0.40735840797424316,0.39868137782561897
226,0.010985146066354166,15657.0,-0.02541378140449524,-0.0236605703830719,-0.49296683073043823,0.9471163058057099,0.5029668211936951,0.06592053174972534,0.07781201601028442,0.10584145784378052,0.05288369419429009,7432.0,-0.021293697878718376,-0.042173974215984344,-0.707381546497345,0.603740581270183,0.7173815369606018,0.25356346368789673,0.3052186071872711,0.4129522144794464,0.396259418729817
227,0.011013615095326978,15657.0,-0.027712533250451088,-0.025371074676513672,-0.49165698885917664,0.9582295458900173,0.5016570091247559,0.06875226646661758,0.08086857199668884,0.1112581267952919,0.04177045410998276,7432.0,-0.0253561120480299,-0.04544946551322937,-0.7147693634033203,0.6092572658772875,0.7247693538665771,0.25945255160331726,0.31331750750541687,0.4244455397129059,0.3907427341227126
228,0.011147231284168458,15657.0,-0.028122154995799065,-0.025889230892062187,-0.5007096529006958,0.9609120521172638,0.5107096433639526,0.06828513741493225,0.08086533844470978,0.11239064484834671,0.03908794788273615,7432.0,-0.025881702080368996,-0.04681156575679779,-0.652301549911499,0.6067007534983854,0.6623015403747559,0.2581082880496979,0.3158062994480133,0.41928255558013916,0.39329924650161463
229,0.01111677270983496,15657.0,-0.026771776378154755,-0.024600982666015625,-0.496696412563324,0.9593153222200933,0.5066964030265808,0.06658828258514404,0.07890412956476212,0.10604794323444366,0.04068467777990675,7432.0,-0.022896120324730873,-0.04292796552181244,-0.7009139060974121,0.6026641550053822,0.710913896560669,0.256980836391449,0.31153324246406555,0.41711923480033875,0.3973358449946179
230,0.011090535370092238,15657.0,-0.02660600282251835,-0.024712175130844116,-0.4949842691421509,0.9599540141789615,0.5049842596054077,0.06614015251398087,0.07689569145441055,0.10533449053764343,0.040045985821038514,7432.0,-0.01805730350315571,-0.03925330936908722,-0.6876578330993652,0.601318622174381,0.6976578235626221,0.2481473833322525,0.30202576518058777,0.40238410234451294,0.39868137782561897
231,0.011013339063332926,15657.0,-0.02642185240983963,-0.024121373891830444,-0.4862465262413025,0.953630963786166,0.4962465167045593,0.06703460961580276,0.07921937853097916,0.10851194709539413,0.04636903621383407,7432.0,-0.019903061911463737,-0.039555907249450684,-0.6811083555221558,0.5986275565123789,0.6911083459854126,0.25182345509529114,0.3058214485645294,0.4222910404205322,0.4013724434876211
232,0.010959160363962573,15657.0,-0.028539251536130905,-0.026672139763832092,-0.4982650578022003,0.9605927061378298,0.5082650184631348,0.06867081671953201,0.08070153743028641,0.10851313918828964,0.039407293862170276,7432.0,-0.025238078087568283,-0.045814648270606995,-0.7030808925628662,0.6123519913885899,0.713080883026123,0.2564678192138672,0.3123351037502289,0.41294702887535095,0.38764800861141013
233,0.010998315147815211,15657.0,-0.027221251279115677,-0.025055252015590668,-0.4793631434440613,0.955036086095676,0.4893631339073181,0.06772500276565552,0.07999815791845322,0.11124639213085175,0.04496391390432394,7432.0,-0.02139551378786564,-0.041494499891996384,-0.6903977990150452,0.6014531754574811,0.700397789478302,0.25401732325553894,0.3064866065979004,0.4215945303440094,0.39854682454251883
234,0.01107677186448728,15657.0,-0.026976151391863823,-0.024533867835998535,-0.4928983747959137,0.9602733601583956,0.5028983354568481,0.06723950803279877,0.07949250936508179,0.1116485670208931,0.03972663984160439,7432.0,-0.020547179505228996,-0.041961975395679474,-0.6914602518081665,0.6017222820236814,0.7014602422714233,0.25489896535873413,0.30857351422309875,0.405003160238266,0.3982777179763186
235,0.010859275116555153,15657.0,-0.025504255667328835,-0.023688316345214844,-0.4807032346725464,0.9507568499712589,0.4907032251358032,0.06484825164079666,0.07652713358402252,0.10519764572381973,0.04924315002874114,7432.0,-0.020696241408586502,-0.04196368157863617,-0.7194185853004456,0.6010495156081809,0.7294185757637024,0.252033531665802,0.30416181683540344,0.4157230854034424,0.3989504843918192
236,0.010799640729542702,15657.0,-0.025059320032596588,-0.02335265278816223,-0.485278457403183,0.9533116178067318,0.4952784478664398,0.06370779126882553,0.07478833198547363,0.10397130995988846,0.04668838219326819,7432.0,-0.02011404000222683,-0.04097568243741989,-0.6995887756347656,0.6032023681377826,0.7095887660980225,0.25225502252578735,0.30675992369651794,0.41753309965133667,0.39679763186221745
237,0.01062681580022458,15657.0,-0.023060724139213562,-0.02179241180419922,-0.47569918632507324,0.938749441144536,0.4856991767883301,0.061139874160289764,0.07246798276901245,0.09872905164957047,0.06125055885546401,7432.0,-0.018328296020627022,-0.039661869406700134,-0.6938347816467285,0.5970129171151776,0.7038347721099854,0.24947381019592285,0.30174949765205383,0.4082263708114624,0.4029870828848224
238,0.01092188492898018,15657.0,-0.026153601706027985,-0.02413475513458252,-0.48133745789527893,0.9559302548380916,0.49133744835853577,0.0662427768111229,0.0773228108882904,0.10543106496334076,0.04406974516190841,7432.0,-0.02142718993127346,-0.040611207485198975,-0.7844171524047852,0.6022604951560818,0.794417142868042,0.2534448504447937,0.3071751296520233,0.41970446705818176,0.3977395048439182
239,0.010754899752716865,15657.0,-0.02777315489947796,-0.026028305292129517,-0.4928208887577057,0.9712588618509292,0.5028208494186401,0.06567902863025665,0.07607193291187286,0.10500366240739822,0.028741138149070703,7432.0,-0.023507889360189438,-0.04261317849159241,-0.6998321413993835,0.6076426264800862,0.7098321318626404,0.2561221420764923,0.30917319655418396,0.4123955965042114,0.3923573735199139
240,0.01066669124749399,15657.0,-0.026903189718723297,-0.024687394499778748,-0.4751541018486023,0.9642971194992656,0.48515409231185913,0.06598461419343948,0.07802248001098633,0.1084982380270958,0.035702880500734495,7432.0,-0.021516354754567146,-0.04182596504688263,-0.6840548515319824,0.6001076426264801,0.6940548419952393,0.2534242570400238,0.3065463900566101,0.41811442375183105,0.3998923573735199
241,0.010633258809966425,15657.0,-0.025711901485919952,-0.02375081181526184,-0.47352224588394165,0.953630963786166,0.4835222363471985,0.06548388302326202,0.0773952454328537,0.10582565516233444,0.04636903621383407,7432.0,-0.02001388929784298,-0.04052075743675232,-0.7156486511230469,0.6019913885898815,0.7256486415863037,0.2495284229516983,0.30624061822891235,0.4158999025821686,0.3980086114101184
242,0.010637101807421254,15657.0,-0.027632297948002815,-0.025969237089157104,-0.4915495812892914,0.9678737944689276,0.5015496015548706,0.06577020138502121,0.07648316025733948,0.10472693294286728,0.032126205531072365,7432.0,-0.02457798272371292,-0.04512767866253853,-0.7189181447029114,0.6077771797631862,0.7289181351661682,0.2549286484718323,0.31153926253318787,0.42378225922584534,0.39222282023681376
243,0.010689180344343185,15657.0,-0.025655770674347878,-0.023360103368759155,-0.4642011225223541,0.963019735581529,0.47420111298561096,0.06425181776285172,0.0756884515285492,0.10273724049329758,0.03698026441847097,7432.0,-0.02160714752972126,-0.04136408865451813,-0.6960495114326477,0.606297093649085,0.7060495018959045,0.2517349123954773,0.3086289167404175,0.41324979066848755,0.393702906350915
244,0.010964638223090479,15657.0,-0.02611495368182659,-0.023504793643951416,-0.48186197876930237,0.9535670945902791,0.4918619692325592,0.0665154755115509,0.07922695577144623,0.11189952492713928,0.04643290540972089,7432.0,-0.02187437005341053,-0.04094207286834717,-0.7134792804718018,0.6048170075349839,0.7234792709350586,0.25447309017181396,0.30997180938720703,0.4188121557235718,0.39518299246501615
245,0.010802649682567965,15657.0,-0.02726086415350437,-0.025284573435783386,-0.47277119755744934,0.9621894360350003,0.4827711880207062,0.06613768637180328,0.07721855491399765,0.1041853129863739,0.03781056396499968,7432.0,-0.024433214217424393,-0.04233085364103317,-0.7323019504547119,0.6076426264800862,0.7423019409179688,0.2593711018562317,0.3141796588897705,0.4219592213630676,0.3923573735199139
246,0.010528573285668127,15657.0,-0.025116896256804466,-0.023056983947753906,-0.4663151502609253,0.9620616976432267,0.47631514072418213,0.06293822824954987,0.07456494867801666,0.1044122502207756,0.037938302356773326,7432.0,-0.02181369625031948,-0.04266922175884247,-0.7172842025756836,0.6026641550053822,0.7272841930389404,0.2539576292037964,0.3104251027107239,0.41592520475387573,0.3973358449946179
247,0.01058167735895803,15657.0,-0.02825087308883667,-0.02571028470993042,-0.49959588050842285,0.971705946222137,0.5095958709716797,0.0674516037106514,0.07976579666137695,0.10814819484949112,0.028294053777862937,7432.0,-0.024067146703600883,-0.04445093125104904,-0.7788152098655701,0.6089881593110872,0.7888152003288269,0.25365298986434937,0.30810922384262085,0.4171670377254486,0.3910118406889128
248,0.010402325901292985,15657.0,-0.02555367723107338,-0.02356964349746704,-0.4763275682926178,0.9660215877882098,0.48632755875587463,0.06295610964298248,0.07389004528522491,0.0993165671825409,0.03397841221179025,7432.0,-0.019941408187150955,-0.03900499641895294,-0.6788263320922852,0.5993003229278795,0.688826322555542,0.2514508068561554,0.3055570423603058,0.41961708664894104,0.40069967707212056
249,0.010381053892835494,15657.0,-0.028553295880556107,-0.02652960643172264,-0.48377367854118347,0.9703646931085138,0.4937736690044403,0.06727167963981628,0.07894869148731232,0.10646793246269226,0.029635306891486236,7432.0,-0.026886845007538795,-0.04714484512805939,-0.6973066329956055,0.6111410118406889,0.7073066234588623,0.2565930187702179,0.3119717836380005,0.42532622814178467,0.3888589881593111
250,0.010650949432484565,15657.0,-0.02357114851474762,-0.02165323495864868,-0.4722263813018799,0.9390049179280833,0.4822263717651367,0.06379320472478867,0.07623668015003204,0.10251494497060776,0.060995082071916715,7432.0,-0.01726439967751503,-0.038852617144584656,-0.6741554737091064,0.5983584499461787,0.6841554641723633,0.2456217259168625,0.3042777478694916,0.4052349030971527,0.4016415500538213
